1383
9158
6249
2163
7249
7423
5194
6380
7977
15565
6330
6059
498
7931
10723
8518
124
8898
2132
10232
8987
10728
3559
909
3958
9562
14638
12899
563
6047
1225
1946
15206
7474
4109
6071
14897
9304
12451
6490
8485
2397
12549
8983
10328
6889
1118
10452
15787
3250
4301
8390
13979
7860
9300
1553
1038
7554
14452
1601
13601
15677
3548
12423
6768
7657
2110
5281
577
14561
11772
9063
574
7937
1662
10903
14826
2780
4971
14230
6031
9272
6236
3626
748
15536
5179
1787
6706
3247
3388
3924
2540
6936
16347
9308
14594
2074
14590
15171
251
9978
7850
826
1531
9513
11729
16358
12293
316
14204
1940
9589
4056
5566
10337
3209
10745
12124
9915
13992
15513
13839
149
6065
13803
9457
4275
15877
7663
3063
16128
1257
10913
570
2789
4042
12299
2763
16336
12616
583
1892
5821
4639
7459
16158
7848
1820
11899
1380
15813
11028
15219
15962
709
12638
9035
4985
12131
315
8048
11876
1572
2577
12446
4361
6620
8362
7124
6572
4594
7707
8464
10415
12347
15923
10189
3811
1360
5704
5191
789
348
4027
367
1058
281
9402
6043
12413
9717
14091
7905
11290
284
3967
15651
6904
12329
6392
13476
539
14099
5557
10954
10062
5096
4760
13874
6456
10464
2681
7245
10813
6708
7612
11871
6990
631
1530
3019
10348
15621
10924
5254
15905
14891
4522
6426
10837
10914
3518
11376
8629
9075
5947
2308
14172
10707
16182
4244
4787
2479
11490
15600
9188
2718
11087
16178
3349
12617
2813
13698
11854
13737
2568
11376
12244
7090
1418
6697
1620
4936
1690
10250
14012
7637
12558
11800
1960
12356
16044
6747
14835
11150
5964
7639
13869
667
7433
834
13285
10246
14532
8755
7599
717
3747
3460
7807
5165
10157
9428
10102
11847
3294
7730
3100
15852
3146
5060
11824
2806
11808
10275
13957
1388
1531
11442
2055
8964
12276
15340
2827
10425
7712
10426
11142
11459
13886
2565
241
7660
11993
10343
3123
15287
1689
6224
14755
4835
11284
10195
7641
6708
4087
5214
8096
5618
272
10152
14582
12549
9108
1025
6590
436
11452
1348
11896
8954
3913
12137
230
15907
6096
3354
14810
7785
9578
13182
12620
4478
6993
3877
11187
11080
9092
2899
314
9364
13051
14897
5529
5776
15922
12119
6212
10990
13467
1724
3561
997
13861
3791
520
3573
7145
15330
11358
339
12128
7594
4818
2738
11472
16005
13818
4180
2520
14133
13544
15572
12646
2690
4964
12184
14809
11176
6791
11893
12901
10352
12890
10378
14143
13410
13952
4905
12356
8926
5244
8101
137
10062
10839
11609
9683
8273
15789
12204
6022
12949
11392
2284
15639
16356
14469
14065
11148
4876
9574
7665
15228
6080
1660
12987
3106
15612
1508
15462
8154
6753
7179
8291
431
1634
3516
10115
9908
2921
5935
15930
15871
943
1831
15126
915
16300
12807
12063
4792
5997
3345
3636
12077
5005
239
15183
4233
1748
14262
12387
8501
5057
4295
8932
6692
7811
2663
216
10733
8598
16146
10220
9541
1593
8962
10456
1509
5386
6136
6301
11383
9481
9937
7077
14486
10177
5876
2335
11925
3754
14722
4042
8812
2633
12974
15504
10445
15638
15720
4794
7852
15482
15014
1010
692
7592
11466
2201
12978
1218
8503
7978
10699
2056
15055
8801
12233
4547
11136
7774
8302
9475
11816
730
12108
8407
16234
6169
7661
15570
10963
15513
14668
9593
139
15360
802
11606
1178
13780
12824
9681
5374
7140
11737
4045
15941
7587
8593
10694
15361
511
3785
10794
1241
15893
2817
1091
5679
10478
277
258
9607
14945
9852
9747
13922
10654
4969
15100
8050
1409
8397
13425
8549
3750
1086
8107
11337
9679
2417
10315
10190
6202
4725
11431
5711
7542
12522
11390
1636
12799
11649
11243
11361
5117
4606
8899
15771
9575
7615
7437
10985
16012
4478
3150
3378
5565
11257
14716
15244
13674
8647
9051
3492
13372
4098
9204
4530
237
4210
6166
13036
15859
1025
8013
4592
5632
528
3979
15207
8143
11417
9808
7771
15895
12959
11150
5076
7832
9482
3937
5123
1745
12988
8615
15117
702
1435
3263
939
5646
9429
13976
5121
10454
5605
9714
16086
6134
13693
14910
14277
8726
8334
5665
8238
4909
431
13314
12742
9913
867
1481
11658
13855
10096
10391
14558
11532
13654
15497
794
6699
13089
5915
769
2311
15629
472
8445
12939
15382
6338
5281
7332
12003
13519
12242
12434
10450
8600
5963
11317
10081
1237
8789
3793
11628
6963
15325
8898
6076
16119
15597
2782
5651
16367
5093
4896
455
13538
1451
15837
3492
6733
6785
15496
3868
2643
11546
14318
11243
1126
9252
4940
2363
1657
8734
13992
8620
7675
6506
14696
7411
5720
1094
13062
5703
6187
1574
6158
3341
3026
5611
6834
9759
12396
5946
13627
15040
1108
11562
9899
2234
4430
14840
4598
6087
7190
2206
14707
14865
8712
13019
5892
14432
14114
2570
3751
3917
4145
9909
7259
7171
15520
14093
546
11533
3655
14173
10189
4763
9351
3704
6998
13781
2160
11596
3484
9350
13802
1807
7832
6130
14827
13724
4179
12557
16295
7930
90
4056
1456
7349
11227
592
5058
11773
12125
8713
9562
5930
13477
2530
9635
4091
16311
11795
15687
3412
4762
13105
5219
12594
2851
3662
9934
7030
16219
9845
14961
16310
13901
33
7275
8744
625
12334
4133
12751
4663
13696
2297
1756
16226
11932
5847
16153
7344
5150
3181
12106
1871
8401
8316
4723
12063
1866
11753
11899
11712
10330
11825
9229
10363
2716
1590
10989
15050
5723
7356
3330
3035
9653
5086
2877
5202
10934
2647
12546
16084
5828
8268
1572
14229
200
6295
9909
2066
1664
5424
13778
11995
865
6624
5974
3581
8214
579
2248
13937
7935
5578
589
1205
10664
3466
6407
5214
6113
2569
4915
11942
10837
6487
9787
11037
12782
3312
13103
14446
8736
10498
10057
9601
738
16032
13183
8952
227
15431
6505
8163
4625
7094
9368
15289
10561
15775
4120
290
1960
9035
12232
12797
15522
5636
7450
11920
8948
4169
9982
1301
14667
3656
10902
15405
3304
7701
7973
3531
6748
14479
11694
11373
5189
4678
10279
15750
4069
14399
16041
6029
7050
11889
2442
6188
1141
9892
1724
10090
14062
11706
11391
12345
15362
5909
11367
2282
13611
2956
5814
3975
1051
1124
15349
6241
5803
9244
5607
9872
7259
5264
15902
14309
770
1960
4113
1911
11853
5837
12001
9531
1159
7008
5492
138
12918
475
2420
10145
3432
8234
14120
4483
9359
13085
10724
15162
5945
16332
8650
13204
5212
8168
11129
5982
10129
15242
7894
5598
4695
3511
15129
5855
10520
4237
5993
7054
4713
8413
815
8145
264
14935
12628
9623
11637
6969
8401
1198
6917
667
14403
12129
8836
9148
1728
2581
8007
9622
8179
12702
13133
6924
2173
7269
11161
8166
14323
15874
196
15138
7635
460
13690
3880
10083
8943
10849
2100
10141
1382
2767
8160
13511
11603
925
15239
14184
8932
8477
5979
5250
5227
12903
7424
12496
7681
15590
10436
7171
15786
9190
14807
16246
6496
2303
9945
15439
13152
12045
9197
14534
14813
973
11661
10032
1898
10517
7833
10830
2610
13812
16081
7837
10332
7121
3950
1629
6327
14386
8800
5730
7192
7223
5592
13689
9526
15538
12744
6294
11199
5557
4444
9628
6531
16106
3277
8429
10239
11110
2876
12849
8538
2573
4303
2486
9694
8253
4115
16021
6255
12916
5367
13447
3755
10960
10752
13282
10114
7113
3192
4929
12670
7637
14558
2817
7359
1451
11247
1214
12561
14123
14063
4715
312
1982
7202
10006
10235
11317
9643
106
7849
15011
13554
11605
9587
7922
8503
3317
15035
11695
8246
11322
2948
6420
14139
10307
7871
9002
11521
4048
6741
9201
8764
7053
11183
15966
675
5035
10899
10319
5141
2365
8946
2311
13970
2149
10234
6089
5466
8885
1400
13712
3823
4349
3749
1579
14656
11620
10581
9794
15669
939
2611
8049
7992
13794
7631
8668
2445
2146
2603
7587
4511
11549
9898
2097
13698
3748
8186
2780
12634
9587
108
73
13936
3857
1652
12208
15478
12234
5618
14763
13173
8229
6428
4781
5640
14059
13449
8085
16205
16052
15672
4333
11217
9187
6430
8531
12935
14617
11311
9185
7820
11420
9259
5372
15277
10911
1196
14371
6761
6815
12750
3550
15044
2794
8332
4300
469
5397
12386
291
5066
11674
4624
16283
4477
11054
8431
1029
9287
3358
10214
723
14778
3089
6095
13672
14001
7292
11659
4378
14107
8026
7929
12767
10820
16261
684
11290
5274
13070
11581
10340
8360
16205
10240
12838
10875
2287
13867
3779
5645
7697
4502
4040
10787
10598
1328
8404
1506
12987
12782
15613
4629
4327
11996
15450
4204
12680
10356
9479
9366
5553
3435
1343
5374
13675
14181
16249
15962
11664
3644
5224
2977
8147
9264
13764
2361
10592
5784
3867
7195
2183
3096
11825
6510
15092
10891
10715
11389
4863
3810
4371
10416
7245
5714
15790
4537
3511
15655
4115
15175
2916
9339
1769
11063
2219
15533
13424
12811
4934
907
3623
7117
4003
15448
13627
2711
9955
7958
14100
14818
11768
2088
8850
2630
7802
8256
7167
11314
7527
11282
10105
10443
4238
11874
5122
6457
11024
2162
2885
15958
3069
6508
6691
7072
5572
3934
9784
15527
11893
7500
13961
7277
9588
6427
9907
1007
14683
690
12321
5826
11973
6042
16270
16211
1533
5008
6284
12557
7171
9169
12131
10240
15677
2438
929
4865
6372
10713
4008
1881
1829
1585
9159
11418
8012
2682
12425
6311
3373
8362
12138
15346
14404
12024
15173
15937
648
5073
12110
7819
14243
7857
1676
13536
10295
2605
2018
284
13318
6026
2165
15147
7612
11324
10181
15624
14007
6222
5552
996
14584
1306
16342
12605
13330
15131
12158
13978
3820
7885
5414
1679
15742
7090
15216
9654
9695
850
9938
6629
6876
12103
5392
14488
7044
15574
13729
4667
5412
2897
5663
3613
4203
5621
16218
1149
4368
11992
15127
8188
3493
4157
9868
2852
11247
8700
12506
4558
9550
6060
11187
42
1779
196
14531
8823
15770
11876
13490
4798
14773
2769
8411
2592
8390
8245
3741
12758
3854
2484
4563
7347
6642
14431
10199
1505
6747
6321
6064
16297
12381
867
16339
14161
1063
14486
6600
449
9978
3707
5248
8367
6476
13659
10959
14867
5521
14700
11241
9375
801
15804
338
7443
13851
10538
8948
4214
475
15012
4127
12857
15880
4083
10634
559
2185
850
1009
12164
4557
6257
4147
11034
3532
15107
9517
9053
13423
4374
2044
14224
3795
2383
5283
1262
12921
14232
5477
13396
12860
9604
9869
12356
13687
4119
12916
15873
4970
13925
11653
9527
3798
15800
4177
7330
14523
13694
0
11563
1685
2044
9403
5480
4427
14687
6742
964
12535
12219
14361
9011
5440
7846
4984
2743
11966
1516
2232
552
15441
13885
10079
2855
13302
14257
10185
11441
11567
10185
6620
13252
12230
16024
2348
273
14327
9091
1238
10478
4926
15599
3105
10366
7061
8089
13110
2643
9605
15342
3195
8662
12844
13275
11517
9762
11148
5319
4819
6331
15504
11440
3200
11350
11080
5548
11624
9023
14639
12862
3117
3182
12077
6222
13548
2754
14312
10274
5398
7533
9233
8593
16196
5693
5484
11329
15455
248
264
3890
6580
15769
15330
9780
10735
10026
15328
5975
2665
13584
2453
5782
382
14530
12005
13930
901
9933
7821
6299
1082
670
14892
894
6363
3993
12224
5434
4241
12488
9324
10821
11873
8271
4217
6225
1913
3162
12200
4579
362
14654
10361
744
12800
5982
14674
13701
15915
6111
3616
614
6781
2125
1508
13144
6118
13732
2194
10359
9837
11519
4797
5326
3406
9014
11551
5319
12176
7368
9898
12538
5638
3876
13282
2054
9858
11573
15756
9390
1300
2988
10004
8082
5113
11512
4842
11231
8861
7037
5207
2314
2172
10004
7640
5578
2634
2808
10897
14811
10176
4412
10965
15814
8288
7864
1484
1762
3053
856
11152
4353
3845
4772
12435
8958
16285
894
3806
8762
7931
9013
11076
10103
2633
2332
15681
5267
5140
10194
3694
15316
14606
14660
14746
6510
6140
16231
8273
9193
703
3041
13546
4548
7814
9598
13507
7715
10492
929
93
2039
9942
11169
12142
12575
13501
11439
1458
2258
5249
5153
1190
3472
3429
15937
9982
9569
15784
1871
2378
103
4913
15924
4652
12727
9138
1775
4058
3246
2704
4151
5285
12646
15320
1043
8837
12437
12482
10295
14695
1348
15448
15886
4820
2493
15439
14802
12062
14839
290
14440
14942
5203
13981
3210
1546
6735
4985
5604
9982
7689
9755
15267
3951
8691
16311
12788
4744
12409
6700
3056
13757
5764
2558
2193
8258
1613
612
3936
68
902
1993
15010
6105
15974
1837
7651
6325
6822
13255
16307
14512
6626
15191
2079
15317
15118
14868
3677
11143
5184
6733
8517
10948
9291
10710
2822
10904
11322
6759
10972
12224
8752
9599
1945
8342
11436
9596
14667
1874
6467
14591
2
13093
13398
2082
12026
12132
566
15704
6891
5750
6053
15408
314
15345
9735
3137
9865
4673
9896
4454
514
2264
14053
2459
10606
9105
12056
8889
10979
2139
7096
10982
15233
4110
13064
10875
16242
13630
10195
6750
2996
16249
5774
3310
15210
15509
6447
8691
3799
16343
13145
4313
2223
10814
6772
12829
3535
2444
5335
14515
4584
12431
9113
3433
158
5793
14308
16
3039
8120
6766
6035
7985
12541
9345
6811
11666
15793
15502
15465
15752
12264
3394
1592
6694
10167
14421
10230
12611
3372
8361
811
15804
1090
4244
15962
6883
2169
15978
9922
10289
6361
15957
1890
2518
8918
8701
14184
8327
7819
13266
7696
3699
276
9288
10394
10443
7325
4240
6671
10698
12601
7482
10118
13691
11727
9696
4190
13896
9290
14112
7801
15651
13685
9691
1785
6219
2008
15970
14547
9827
12852
5859
13527
13128
15147
7537
7188
6088
11777
13859
402
7994
4957
10520
5301
300
3832
9491
14196
13123
7219
5613
12390
4520
15304
14176
10739
928
13762
8902
10756
10230
14761
7899
6974
13524
15436
14162
3229
10829
11637
3631
2439
211
14152
7740
511
1600
847
14708
14723
8066
3937
10730
12586
2858
8522
6941
3786
5900
15844
14542
16130
14221
6057
6720
11362
5109
4499
14591
15938
16136
1838
1993
16347
15990
9733
475
1207
10580
15183
15930
2262
2736
10276
14848
5594
2414
5406
9381
8314
4866
7539
8060
2703
13597
14781
14065
2322
2896
12272
1877
2648
14111
3870
2612
13717
13604
3087
14924
7800
1886
14471
10063
4622
8363
8527
10217
10778
13933
3214
2708
2415
10753
10769
5119
7966
9166
2800
10289
12062
15073
12166
14710
12800
16036
938
10133
13256
4025
8674
4673
5911
6761
14736
10534
15124
6879
4367
9518
4429
7581
12227
6844
1950
6612
11963
9917
15778
14764
3822
11456
13453
15988
9782
9869
15640
10721
3618
12513
14746
12292
802
4274
2669
15538
14808
1410
6033
2791
10928
10462
10372
6771
923
12322
13383
12886
5855
12777
11266
9677
7849
8335
9281
1248
1820
8538
11969
5439
4667
10331
1347
5469
14605
4017
4623
13029
5427
10656
15820
16355
4735
9808
6743
5658
5747
3742
2160
11602
136
13427
4896
7985
5378
14177
9233
7199
6331
4818
12638
10998
15150
13985
83
13371
1618
4706
10017
7045
15363
9453
7017
3714
2878
13760
9372
8625
1118
11532
3843
1254
8575
8739
9240
13954
6533
2089
4769
12864
6908
1023
7479
5674
15008
7562
2661
243
12269
12678
7288
11248
5748
14305
14962
8626
11681
7950
867
12800
3098
4710
14054
11674
13450
6910
9244
3599
9000
14013
79
15908
15036
7558
5198
13660
15121
7859
13903
11006
4154
4808
5870
9902
2729
4448
2144
14411
12398
3011
10827
15496
7721
8497
10786
4787
15408
3646
8386
8024
1275
8466
7548
16311
16024
12746
13588
14761
4221
11107
9383
8375
15915
15253
1893
2261
3317
4037
288
15715
7048
11115
14828
14770
3228
9230
3173
2252
12877
11560
10276
14152
3642
1440
14080
3282
14186
11284
1660
2024
6007
11043
10399
5539
9913
12293
7800
13230
16330
8088
12562
6995
2819
11006
5381
6047
3852
8554
8300
345
3730
2192
14498
7372
3633
12194
10655
1435
7094
12315
3459
13101
6974
13859
2256
503
9768
10056
13734
9714
1760
9912
325
4579
4534
5706
10627
8386
14261
2543
8732
1607
4735
6846
8980
8368
2656
3251
9804
9750
15566
13263
6467
6156
10738
8724
6660
4122
2396
4010
13837
4157
13922
14162
8736
2072
3485
2979
10458
1362
5522
2806
2969
10258
9652
11949
2242
12308
15200
12046
5674
14382
8926
12142
4155
3280
4482
10815
7403
6878
14825
4856
11035
12363
2634
3388
14435
6119
6367
8509
7481
11890
11316
10451
5764
4584
6016
8006
509
4833
3669
6183
2831
12595
1941
6986
15875
6423
1417
6894
13302
16242
11750
7953
12221
14385
11341
10272
4120
1325
2398
11602
13215
13714
5669
2595
1914
11685
10601
2423
134
14270
8607
2966
10481
10548
9952
9973
588
11370
483
13890
11228
12234
5459
7066
10235
417
954
14355
1742
3352
9573
14957
682
15242
1168
2597
10544
11769
5020
10678
9656
13627
13644
3753
7792
7213
13726
8380
2199
14210
5886
13427
10060
11345
4109
3911
11762
5064
1882
13504
8416
11456
12077
9099
10314
13245
11696
4474
8631
332
15153
1903
13960
12413
5656
5368
3242
2999
13748
5441
825
3250
2485
10885
14595
6594
14796
9974
11658
294
7094
3691
11750
2788
12790
5681
16033
8102
10155
8280
8434
8924
10183
6010
4954
15840
11378
8196
2455
8742
13638
3280
11992
16123
14165
10204
6333
12577
3794
1608
12871
10888
5299
8238
13676
1705
13919
13326
9807
7690
5222
1857
231
15406
7868
5185
14862
2862
13381
933
11605
10635
4213
7213
10374
1994
1033
324
14571
4827
1932
11058
15716
7231
2912
13008
8936
447
9950
2359
8138
15173
4216
8369
14195
12084
13554
12673
14947
10551
13606
10168
4803
1435
997
15177
3429
2031
15501
1616
6858
1049
12674
6190
8280
15587
2815
832
16034
12765
3191
7788
11554
7408
16157
9365
3108
13327
5654
1671
7495
2876
11839
12298
4311
12837
11091
7740
14868
10209
9356
5342
11258
5647
11533
3155
4850
14348
3987
4500
10729
7179
12289
5900
14587
12062
15265
1311
9006
4536
2983
117
7412
14822
12415
11724
11275
7122
3080
9759
947
12437
15102
12206
1700
10251
15361
6550
8215
2964
11050
2560
10143
6955
8460
8346
2634
7342
9658
11640
11878
12641
11757
2906
11079
7788
14630
5971
14910
1327
15730
15858
13764
14448
11680
15464
8315
10657
5630
146
13621
296
2707
7381
7252
11167
15727
9886
2125
9001
5142
14003
5258
515
526
16338
8303
15156
5925
6829
99
5271
6303
13863
3336
1599
12943
11651
12256
2189
11798
9494
2486
14505
491
9738
9288
16218
3240
11414
8836
8382
9033
14094
8897
9559
14048
816
8332
3589
7645
8431
8861
13949
5911
12197
15548
2470
7464
11421
4660
2878
4531
7146
999
5022
500
10288
4856
3740
5318
13692
12122
14351
11403
4635
7527
9067
5451
15859
12657
13096
7906
5134
10661
13817
947
9826
16288
8411
4863
4564
11290
9394
11710
12289
14416
12210
6193
2888
15950
11511
197
11688
9479
11600
16323
622
4283
5390
97
556
2102
8003
5690
12764
5437
6637
6206
5341
15049
11069
9905
9955
4079
5231
5860
2111
1057
12054
4999
623
7181
5196
12311
276
412
12250
898
4696
1256
995
5252
3358
8999
10943
16122
14436
1196
5944
3393
16245
629
13298
9816
4708
2145
15677
6819
3202
11347
11819
3825
2144
631
16136
2421
1044
12002
3319
5740
13258
4315
10992
232
13314
5551
16355
11366
6748
5915
14759
6609
6545
11673
42
11253
13818
15719
1689
636
10682
13508
4461
12826
14139
4213
15247
15183
16215
2183
4539
13089
6498
15532
13321
3428
4699
13292
14794
11447
2824
13169
1673
9369
8458
1715
4238
5892
1050
5927
6528
11732
3051
10989
8174
807
15202
7038
15990
15033
9221
4146
11738
15719
3294
8675
2763
7993
5584
1173
3057
8408
14342
4730
1393
6416
6445
5631
12308
7495
11559
2452
2843
14610
13441
11017
15417
12259
1671
15024
10908
10892
2786
6262
10227
6080
14937
12990
14073
4137
14163
746
12545
12121
5476
13938
2153
11921
3186
14461
3032
14745
529
5875
12971
13970
509
12005
9845
2180
10645
4369
13073
13431
10631
6916
3127
9185
3523
816
13322
1302
1563
9484
13424
7039
7038
15577
2577
10224
13655
5609
8585
14184
11485
5173
11771
11994
794
5232
14174
11439
9602
10863
8486
3849
1396
11613
13034
4919
12429
9973
6221
13992
3073
3261
4648
10111
2455
7225
3952
16110
12834
12537
13910
7935
1326
9297
3545
2120
14530
1336
13559
7748
12199
5661
11597
13595
890
8248
2130
13320
1837
8352
10928
4910
11613
15576
15021
14068
6417
2589
13794
2868
15127
11321
10803
69
4234
14349
2190
2380
15685
15749
10128
11500
5027
5342
8712
5917
13590
10842
2853
15427
2810
13782
3953
14424
12974
2590
12108
3008
5180
9519
5876
3923
4456
295
3992
8690
14644
6182
11071
13945
5548
4815
9062
10575
10157
1390
108
7363
12232
2962
6406
15043
360
10359
13083
13334
12950
8807
16342
1746
1942
5834
5669
6398
6130
9661
15089
4390
15844
9776
1952
5008
14591
11014
15583
8365
12404
15691
15728
8252
2269
5751
6911
2629
16110
3610
15964
12676
12418
15922
14422
14360
5373
3707
4375
11503
13369
3080
15893
12829
12856
1461
1453
11063
12475
652
3044
8495
16343
2389
364
2229
8140
7275
4858
7866
10886
4438
4159
6920
3977
2197
4896
9350
5905
9271
4469
2890
12351
3978
15719
8823
5440
788
3503
1531
1440
6547
10027
1399
8936
10391
3628
692
1282
8487
8559
12168
12925
12718
2704
518
14915
7601
9868
4436
488
14337
7326
12840
1932
6661
5279
7372
7449
8782
8903
8889
15330
2546
10289
7882
12937
13917
8575
14220
6020
750
10004
2562
13468
12709
3080
11999
3926
12949
52
4414
10902
7378
870
12834
14040
6150
3822
5105
14932
12726
13995
13878
15272
7900
5377
11826
5433
13952
9662
11454
14702
3282
14016
11786
15991
712
7401
3533
13661
7453
7948
8180
14832
8818
4630
12488
14968
8453
1209
13517
4795
15204
11011
3683
6720
4
15509
12154
13956
8787
7224
12274
12070
4856
7676
11677
5568
15078
15211
2846
6147
6775
11026
4595
15593
15656
699
14178
7725
1909
11311
12520
729
5938
16204
7450
5943
15329
3220
3515
7733
10444
15790
3419
15300
7082
15096
4484
5776
13923
7330
11924
4314
1972
135
3524
1245
835
1318
8970
2744
12629
5107
3473
2183
4927
10923
8126
3872
14143
11642
11605
8203
11048
15024
7119
1746
13737
11604
7523
11276
2550
3063
15591
4523
3198
2731
5768
4033
4049
14738
6777
294
3461
10251
2477
8388
4790
10604
12261
2550
5862
7482
10753
526
6123
1489
2272
3476
13093
9795
14752
15643
12858
13959
3782
16057
306
9550
3706
4355
7905
10484
4649
11366
4351
7127
3371
9141
1347
15632
11691
7209
6730
6061
7735
12853
7550
10007
16329
4259
3419
14698
3518
16277
12273
7301
15950
12580
467
3273
551
8372
13757
5201
3355
1724
12328
6726
10865
13675
5974
6173
4500
12704
12234
12235
9174
3400
5858
9119
7659
9277
7433
11177
9171
3323
2094
8737
15903
2562
12010
70
10934
9383
5271
14289
11107
1215
4631
5589
14890
10605
11762
3006
6926
7612
15241
16100
11012
4716
8835
2287
13993
16269
13464
6780
3208
15559
15518
2727
1737
11144
2797
12671
4144
8069
10577
15251
9284
15208
4456
7791
9430
16218
10797
16356
7446
9655
16072
2074
14371
8523
4361
11980
8408
1442
2377
11616
617
1511
14343
2354
12655
757
15025
415
8826
9218
15667
1726
8043
3739
9517
1089
3574
3931
1061
11020
13586
749
13095
11573
9272
1072
7169
1297
2514
9546
12913
3131
11057
10873
5485
7329
11630
4127
7744
4072
13345
7027
5798
5004
10767
15316
6093
14341
2863
7154
8977
65
7903
5688
11638
792
6761
2423
2089
9275
11970
15002
12407
6643
9491
1508
13972
4737
5635
5333
8809
2597
12360
14608
7601
6743
13540
13695
4700
19
4465
13678
84
12369
2982
11722
13161
9743
14145
15250
2635
9731
13868
15042
16375
6976
166
13963
11713
5802
2912
4139
8399
15273
2363
16000
5632
15903
13311
10333
15922
1393
7627
16006
13762
10609
11344
10539
3969
9105
9405
6604
2453
6889
5262
2444
13865
5428
23
9195
11230
2936
13334
3245
1825
15697
2862
7457
15216
16173
1406
14754
1182
9033
14376
14944
3259
9336
9099
7228
2057
2120
13832
4510
9010
2710
6954
6491
8138
6978
15686
2985
9914
12636
6230
11739
11949
9092
2812
10781
8882
4219
9151
10064
13252
7143
8625
127
95
1340
7355
2153
3461
4803
6663
12471
7513
13618
2578
15652
4212
1881
2253
14126
14517
8483
9481
10083
1192
12293
4480
10074
128
13632
3754
13381
4391
12379
13508
4487
13720
4480
6640
797
9283
13303
13268
413
10537
15846
16065
14749
1343
1934
12491
15861
10417
5588
9560
11609
1498
14040
5299
1626
11288
9054
15007
15680
5049
12132
3783
2385
228
10423
3182
9511
7342
66
9924
1496
15913
9605
16245
872
11539
12353
349
5573
1557
9909
798
3055
7566
6098
4682
2470
15152
3305
1766
3817
15437
5549
6203
15665
15972
9385
8793
6931
9452
2333
8427
8981
11939
8288
9853
7094
4257
10203
12667
5815
3728
13466
8870
11294
3180
13552
13765
1948
474
15531
5765
15911
4697
11968
15193
4285
4970
7602
11216
14422
9935
3259
7019
5490
11548
488
12585
15805
10691
8868
5236
14420
5950
14107
9330
9130
11275
6711
11078
11749
5859
460
11277
10556
12428
10086
14841
1014
1304
9674
15436
11239
12933
6071
346
8097
6560
12931
7519
867
5415
12755
15287
11366
10478
8234
4112
5370
14945
15191
735
4420
15651
12012
14976
11695
5714
13434
12710
7018
6724
11762
1874
3273
1450
2220
11371
8010
15151
2506
8877
4182
15261
7781
15548
9356
16015
3277
14726
14576
2084
15461
2613
1351
11090
1205
13046
420
14639
9372
7439
4979
4751
9313
8253
6201
11533
3240
14211
10300
5746
6704
14482
4623
14485
13647
13979
14116
540
12321
12309
2624
11399
14922
3975
6105
16127
637
6525
14383
10010
13964
2978
14761
6893
11231
4578
2042
14471
2405
12342
3833
9109
10441
8457
7211
7704
6052
4943
8244
1990
868
10868
13389
15790
14843
3110
15534
15480
9635
13533
9106
7216
127
7483
14109
11359
12061
16152
9446
14466
12110
13280
7192
6167
5353
14403
13871
11405
2962
5731
13395
3831
215
10400
3237
15058
13510
2387
14155
6762
15920
6877
13978
16048
14361
11703
11023
10038
11471
4085
8121
7198
981
15313
13365
6334
13332
10853
1356
16294
200
14751
3741
416
8768
6979
15474
5894
9366
13245
12656
8903
3739
10250
8567
1716
5570
3206
11754
657
7291
3491
7855
8273
2420
4837
14607
15752
15690
15963
15663
15890
14331
3020
16306
6715
9999
15397
12609
2982
12258
8882
11885
15997
2748
4068
1329
8318
7274
13084
8976
14565
191
447
6454
2612
5284
4678
1980
4590
4257
1259
4097
2204
4280
4019
8919
14279
3032
5145
877
15291
14027
12762
14904
391
446
16234
8710
7720
12934
1302
5902
13125
1749
12356
15737
7034
650
1334
11624
4908
2593
15721
7112
6873
3357
16032
4769
6389
4793
5646
5296
2436
2025
3817
2827
2471
3667
11537
10192
217
12839
16094
13342
14589
12066
12696
5239
12717
14030
479
1241
239
16201
8353
7113
3174
8001
11882
9563
12794
1144
14860
15230
3169
2293
1674
5641
5960
13211
15833
6177
9667
15543
3135
7872
11225
15831
13111
7558
13477
13590
8799
13717
13407
769
4446
197
8770
16328
9761
5181
1088
8237
4027
4258
10530
5701
9899
106
2529
9348
6283
12196
8507
9418
3684
3348
8866
411
10907
5959
14001
3322
3292
11025
4091
7738
11222
12862
7682
4599
1659
8771
12836
5686
13029
6982
11388
6544
7088
13917
15892
13371
9729
8015
6406
13413
11363
15272
13824
5886
4847
11441
9209
8140
6082
13300
15878
921
9778
7177
5520
11437
15948
1973
740
12593
8955
12128
2753
16044
9661
2261
13031
3006
10276
3053
35
5255
1941
13859
11142
6789
8916
3967
14929
14999
883
14423
15920
10662
5216
5056
5715
4780
7029
6455
989
15985
2199
3742
15645
11860
6003
12292
14866
16279
15346
14901
5151
903
12376
16293
7692
4909
3876
6237
3524
4759
4277
3060
15421
9493
8116
4753
14274
15146
11208
15263
14747
13408
2622
14008
8884
8625
9916
7367
8521
8878
5884
13672
9782
1877
13581
1090
6786
1073
7328
10310
5832
11605
13370
4870
4714
5102
9623
2604
3864
4447
1484
2227
1471
4106
16235
10356
12731
9768
1339
4868
2262
7223
2156
12044
9100
15737
13135
15886
426
4079
9812
6259
15684
6798
11129
4014
11901
4368
6619
15765
8815
8103
1609
10287
12209
1460
4259
8556
11228
5598
13425
13491
12821
15581
9151
5538
14935
5902
5040
15361
9981
14853
5236
9281
5267
16365
13296
784
4349
3531
166
13165
11634
1775
7068
7459
3235
11327
16015
14464
541
13056
11571
13362
12254
4338
2516
10805
10241
7557
9782
3838
6026
15019
13120
11293
15000
10032
12078
2966
13563
12244
16131
8813
14019
6815
16272
870
1758
15903
15334
2299
12576
10521
15661
8446
14860
1794
2867
8717
9351
12649
12555
15377
11284
9291
10286
9901
2939
5980
12867
118
1840
12614
8931
15859
3045
8819
346
4803
8339
15680
7102
4531
9818
6379
12977
8294
8173
15844
627
1140
12109
13182
133
7010
6090
10420
527
9029
16
13394
9148
1857
9624
1695
1332
12669
10515
1678
1088
2470
975
8190
7001
10793
14569
3594
2703
6359
3054
3330
7499
15163
128
7633
5789
6218
1669
6316
15248
1685
3326
8012
3542
12950
9707
4875
9235
3838
6553
10323
6308
7528
2129
13309
1937
315
519
4640
6674
3573
7970
14173
2353
8099
5422
8142
14317
7091
14459
13181
8777
1401
4809
12319
14352
14517
810
7203
1971
7364
1143
8280
14892
3272
5205
446
3587
5725
5086
10261
9298
13057
8051
11651
4772
13473
3410
2705
4181
1485
15887
12958
2886
4312
8893
854
2445
9704
8058
4417
684
9201
12697
15576
12473
1518
16022
16061
7243
4725
9938
158
1398
1605
11809
6170
15079
15219
8875
2876
320
8378
15834
3207
12691
8343
4061
15136
1663
12119
3169
2347
4936
15866
1540
1026
1001
1178
703
8244
5903
10641
8402
7301
12247
3828
13471
10942
2663
5963
13818
2984
14341
13268
6191
10648
5227
10252
9401
6891
5988
12570
9238
10924
12053
10778
11950
13054
11957
12653
4914
1476
6911
13317
8778
2774
761
5865
13716
3424
11828
11150
6408
9786
8034
12599
4050
13261
6468
13451
3768
12456
9638
13007
6996
5307
7401
2563
1977
2974
15216
6891
4451
5743
3824
13229
8517
4585
2710
5849
8010
14539
615
14418
7941
8649
10634
11991
5527
718
9059
9295
13174
2313
5918
3786
7620
13320
6349
9597
16294
5182
104
4361
10925
3929
1206
3059
8514
3917
8908
140
2072
9524
14559
10013
1789
8809
5620
7316
9527
14679
228
6317
608
6146
10103
8228
3082
69
1441
2993
5251
1546
7354
16176
5475
8561
2851
13989
12478
11760
14130
14550
4900
12305
8179
6689
4730
13799
14006
14257
12095
14234
4190
12703
3996
14293
4548
7079
14362
5989
10072
3229
7535
1042
3022
13010
9603
5873
10616
5697
1249
8362
3863
6149
4283
12042
12839
9013
9458
10461
6886
5169
8311
11076
1488
12307
8985
6036
3002
6964
12026
13074
10193
3177
14117
13215
16188
7336
2705
10420
13034
3954
2398
513
10104
6681
12556
6559
15694
5630
636
6196
10799
8947
888
12287
4870
9873
1940
7873
453
13966
4563
10647
759
2296
7478
563
9633
10183
10983
6283
14138
13381
6796
7858
3678
2968
14417
2988
8598
15053
9184
3013
7616
10072
15301
12486
3562
857
3975
4015
14823
8539
14662
15582
10835
5757
16146
4084
15940
10745
10367
13694
7743
780
5168
11421
3748
3201
14410
12347
1870
7210
15360
9486
899
14277
5589
4461
15134
9564
8476
13573
1719
6755
12772
12555
12512
12534
255
12068
6895
10623
9379
14638
11403
14547
9676
15151
1365
7702
11114
3235
14912
10091
12722
15811
7984
1927
3888
6735
11491
12365
3924
13211
2736
312
9382
15248
12846
9637
10932
3358
3876
3927
1612
15279
2091
11288
14047
3456
2606
8777
6691
1135
2484
3029
562
10469
4956
4451
820
64
432
4744
13275
3168
5057
6273
2032
1519
15910
12964
4877
3403
508
6490
2298
2599
1394
16345
6055
4001
8739
12746
5136
11223
15776
5698
5308
4348
10149
6128
4412
10581
10873
1303
13749
15930
7576
15781
1065
7103
12362
5943
10506
12870
12433
12804
15469
13827
12766
5140
1444
5121
1502
6580
16344
894
12279
5269
5243
6044
11397
9655
242
5886
10959
13991
5432
2151
13389
6498
9254
9367
12441
3376
5853
8490
16181
4938
5933
12563
10078
7378
1300
11580
13958
1260
12475
9853
6529
1334
15898
1543
10989
16140
7429
5564
13747
12862
7716
10752
2976
586
3735
15417
3963
9588
7523
3760
14526
13456
16323
8220
4450
1239
3417
2025
2499
15892
11878
9029
842
11392
10572
11831
11148
1617
1012
8512
14479
8728
2880
1071
9314
6616
104
13277
16204
7627
653
14347
4700
592
6183
9150
1831
9600
11175
4331
9108
6670
13360
9950
1678
7548
5398
12827
9165
6410
4955
7261
15138
7835
8332
8068
14451
8437
4962
14272
16064
5615
12235
4380
6208
2034
13531
8039
11635
8322
12370
4359
14992
9346
14310
287
510
3324
13114
9676
9734
1685
553
8488
9520
8885
172
7588
938
5134
5476
619
10750
1327
4999
574
3361
2146
8613
14996
10469
4600
2972
9077
13946
898
9364
14457
4222
6094
7749
13956
7779
8302
6060
916
803
6232
8504
1742
11367
13980
2361
5733
15307
7360
6307
2284
9507
14920
897
3592
3136
3869
12669
699
4767
5650
15156
8989
11744
6521
6561
3140
14823
12621
4056
15626
2469
12560
984
13836
10156
3345
3185
9079
10706
9492
11363
3829
8029
12260
7421
11165
16129
3706
11864
4512
9356
10636
13501
4717
773
3678
7857
15596
16299
11913
14839
2385
8089
15823
16221
1861
2785
3023
10940
13491
12515
5919
936
4160
1796
8357
15326
1541
12063
10806
6054
5036
5059
3171
9753
5832
6850
1226
5045
6765
13139
3500
9150
4844
2939
8988
6705
5724
12011
1261
2831
8142
7180
3767
12303
8976
12124
11245
10518
7804
5667
188
12840
10726
3359
6209
175
10209
7435
5220
591
4190
8720
9741
9034
11659
2345
15739
1000
14356
616
3831
6115
7796
7599
2034
389
3339
13279
10907
11143
2562
11095
7599
13289
14454
13808
13464
8280
4859
2300
8871
9049
11020
2228
1699
6295
4574
1054
7295
2546
1670
11127
8661
9467
2342
10695
9856
5681
7590
4379
441
10153
15474
8040
7058
13544
5465
4138
5440
10324
6438
14311
2990
1074
156
4689
7369
4730
5744
14665
7276
7414
9408
15938
497
11750
10249
10353
1047
1456
14732
1488
11609
13822
9529
2283
10983
14994
6421
39
8934
12859
14351
11924
13933
14507
230
4918
2853
5974
3199
10129
13388
12607
9683
13886
7973
3549
7855
9021
5005
6204
10509
230
3642
3654
2513
14625
2264
8934
14665
11199
5409
12632
6739
2958
10755
6969
7876
13608
12943
11076
7353
9948
7299
653
7450
15273
4202
15305
7910
9207
5125
2035
9437
8768
5690
11950
7009
7954
4500
5290
2769
9909
1538
9509
12867
12293
94
4359
9517
13038
15435
487
6602
6351
1140
14052
5240
5342
12973
13150
14549
1715
15185
7602
10483
4491
3168
1108
12446
7668
6399
15215
1193
7937
8340
14060
3847
8435
2035
13364
5089
1087
13851
11691
7438
14991
9359
12678
3949
5948
9444
2114
7663
8245
9716
1762
12737
12884
2871
8799
4168
9270
7630
5361
823
15971
3037
4670
8022
5073
1651
13111
6160
15502
8418
13598
14110
1393
9892
1675
7341
2952
3790
15005
11197
13506
383
7550
10007
3254
16349
14175
12524
7596
3153
13348
7183
6190
1634
15205
11263
3285
11932
1039
2404
3966
14637
130
5359
8145
1805
12700
11097
5595
11321
5911
2718
11705
13461
12725
14959
13427
10516
11100
4639
13669
8064
11822
3476
9698
10643
14739
12984
6191
15779
15388
10157
14032
15518
15516
5794
939
11832
507
6535
6770
6418
9253
2091
3496
5594
666
539
16110
11766
5178
13396
3446
616
488
13145
11259
15227
9745
1066
14622
8749
11223
12271
7883
10355
1681
8822
5803
2188
15357
12573
8607
8226
14664
12103
13820
15331
12642
13547
10713
1436
10559
14160
2052
11047
10921
13311
9890
4282
14377
8129
13031
9216
4016
4530
3187
5697
13352
8990
7885
12326
5180
108
4168
3460
12211
1605
2407
8469
15152
13121
9905
9327
10897
11957
3990
5434
8884
13880
9716
6877
5625
6363
16093
9641
10893
2896
15338
7861
11887
6840
3803
683
6948
7972
4143
2776
9577
6551
11245
8345
3288
4767
1288
14185
340
5278
3235
9225
2774
12951
16102
8400
2930
15812
1657
13823
2324
612
5300
14211
7452
9104
14894
14400
692
2654
792
10269
9205
12038
2230
12493
421
3518
10294
761
8796
13529
9986
11570
10096
9705
3586
13026
9133
5244
10465
11457
5856
15765
9285
13308
8485
7795
11324
9177
10449
12117
3062
3270
7771
5292
15763
8192
8810
9673
8953
1222
6818
2556
12793
530
12261
16379
13556
5010
5239
7637
83
11095
7019
9368
8019
15504
780
2960
8298
11229
15077
11360
14500
6464
269
13879
14656
9079
7169
7225
10302
13987
9781
6711
14518
5658
6706
11690
10668
11946
2944
10752
6657
9963
3736
14677
9083
4516
1253
997
15746
16330
12358
13862
6410
12627
11357
4682
5322
2142
11907
15624
16130
5305
5951
14264
10963
12658
9570
5248
8220
12514
16000
14877
6093
3352
13170
15177
7869
14423
16174
7231
14369
12148
4709
4395
8391
16066
9077
13714
1825
4601
12954
1571
9906
2522
15835
4485
15180
9021
9733
7016
5152
9349
5509
11245
12702
2296
10038
4187
335
9829
11418
14705
5593
16127
2716
13985
15809
11794
11315
1250
11
7885
2821
9917
10407
2272
14402
9203
11294
7752
16219
62
717
5345
11307
13419
7641
4962
1222
7976
14791
12640
6297
4000
12383
9014
1601
11809
4424
12916
13059
4435
4418
15881
14352
14825
1769
12370
7645
13063
3738
7480
13125
4456
12825
8049
1491
4082
13011
2714
12059
11418
15354
1972
15418
11354
10986
636
6779
15410
13552
3454
3461
1586
2951
1429
28
4721
13800
7673
1400
1154
15153
14526
5610
11595
6191
7102
15677
2818
9816
11352
14236
8786
13325
13270
3756
7927
13906
10535
6954
11075
13990
10415
12661
557
11845
12689
5278
9261
3978
6679
10415
2748
4821
16026
14343
11012
6744
13636
13830
176
8605
11682
8962
5546
8568
12719
13473
6091
6870
4043
782
4476
14459
13443
5034
9920
9749
10312
2797
13727
607
13212
91
5428
12854
14434
56
3214
11687
13886
3390
3908
9184
12353
9454
1369
8688
6543
7460
15558
10587
8242
3651
8662
5301
8685
2198
15050
2613
4995
12394
3221
1823
12485
8649
14678
10536
8706
1508
5839
6208
4899
9747
15393
868
2817
378
9556
9360
7838
8730
3563
16080
12381
12225
4997
4682
14423
3664
7296
3034
16058
10517
4858
12159
2782
3152
6311
11488
4660
12150
1313
9559
5513
322
10427
8330
700
3599
1307
8538
12330
4870
8234
8327
712
13231
13010
15135
511
3922
1786
185
14439
6644
12345
837
9796
2272
12326
14456
14423
13639
7632
3552
13961
1675
11883
14661
5275
13190
6815
1221
1676
15049
9548
2388
11896
6174
1140
12408
10096
2926
12593
8151
9570
8554
8989
2982
10827
4931
1054
8866
2186
8686
12418
16147
10362
7917
14424
15637
4723
4855
474
6400
3520
10022
8788
15416
16197
9928
11440
9909
12854
7650
1677
6040
16204
10666
9022
10647
15597
10077
3129
1399
2379
15548
1162
12741
7081
15586
11994
11805
4057
12468
1821
7577
6107
10609
6609
5920
4154
1666
15829
624
9316
1122
6665
9136
11788
15687
3400
11001
9380
6529
12400
11760
5693
13562
8117
12775
12764
3728
8196
437
16196
10017
8014
5919
4242
14624
11839
8396
16290
11285
9021
9222
12407
15686
1974
7812
14989
5374
2429
7986
11904
14830
3362
1213
12008
11479
13988
8389
15207
5800
8826
15020
15817
457
4555
3676
15081
11
12072
14987
11296
4709
7825
7319
4011
9799
15131
2617
15174
1177
10603
10694
16007
13965
11907
11631
9060
9512
3636
7884
15312
12463
6520
14746
12920
11075
2038
11617
11086
14110
10220
5998
2436
1661
13318
6447
11460
12065
9064
10250
13242
3283
4560
12865
864
84
8113
9925
9596
11749
1425
8524
7828
7945
6886
4364
2636
8924
15981
13723
6651
9817
3337
9087
11478
271
15534
6555
12337
8215
421
9195
11498
4982
5677
12363
5066
13790
5904
14662
9155
7329
6802
600
15274
13689
4964
1526
6229
4562
15249
12880
14379
2203
5583
9474
2474
4734
16029
14811
12949
66
7623
8063
5048
13300
4042
10114
10706
9946
8392
3477
891
15195
4077
16165
12500
9042
1308
2345
13604
173
15226
11599
2376
4425
4689
4851
9159
4334
3278
5724
4401
10901
13788
9449
7817
1446
3180
2139
11393
11572
5617
12284
10383
9694
12066
6499
2352
13374
8845
15956
13547
7687
11172
15924
12112
15861
4391
4888
3812
7669
10612
8213
2187
8016
1278
10004
9463
4458
12144
4472
16031
1377
372
10030
11071
12438
146
13424
9428
8991
12996
6592
294
7784
6132
12406
7262
10523
910
11074
1808
11523
2903
3995
3155
4181
14000
12618
8640
9760
706
8287
11137
1079
1933
5824
13517
2079
2864
6562
11070
15861
13154
11364
7261
2902
7387
14523
13425
8297
9213
15233
3436
12116
2845
6592
16298
461
2826
8554
10221
3533
457
4974
4612
2390
10798
1745
4470
13663
8307
15540
13140
5077
10521
4017
7979
1524
2157
5020
9821
11370
3870
13258
7103
6715
3466
7017
7176
6292
15571
1013
9825
16028
5987
14437
2034
401
16183
6504
14064
8106
5661
10820
13184
16182
14838
4779
1322
611
9800
11143
11981
13670
8017
2700
4001
11483
9717
11177
1392
8904
12190
11217
8548
1793
9271
10583
2194
9070
703
16259
792
6364
10695
13976
6162
9149
2372
7484
9760
12172
2244
5358
9458
10261
8058
13459
5361
1392
8252
6753
10296
4058
1586
2461
5851
10857
13044
8045
3543
13747
7920
4336
3728
2232
1928
9890
11381
4300
991
4758
88
3235
10116
9546
13496
1790
6621
2473
3182
14873
9226
13479
2547
10813
15940
8398
5286
12600
60
8830
9963
7980
13166
13691
10212
15094
7198
5210
3011
8189
9968
3099
11424
3700
12646
8536
5490
2883
11010
8673
1373
3852
5768
3920
14665
5324
12319
3568
1540
12379
12398
11503
3975
9180
8811
14188
7890
16009
3014
10901
7814
12982
14001
2854
298
10263
11390
5788
13146
6016
14461
14519
9869
3845
2056
8150
9169
14375
11718
10709
10370
7732
5829
14345
528
14640
12149
8419
14265
15163
2936
5695
11761
553
8549
12059
10816
3555
1464
7579
9572
15925
5714
3057
3387
7770
11207
12556
5761
6542
6882
16131
14274
12711
14093
14803
10967
9858
6838
8848
8638
9774
14543
4015
10328
6708
16075
4760
10263
1155
12339
3451
696
1670
6508
4083
9440
1332
256
15202
7874
7138
14949
5764
3465
12658
4183
14432
6133
11021
6896
14771
4412
5055
2402
14740
11763
2093
3116
5642
3248
15456
9094
3945
742
15602
8028
10182
550
8284
9000
8424
15422
7566
14189
2503
3840
1988
551
9973
13010
7447
8360
1038
12502
10763
15778
7881
12856
2510
13524
16105
1582
6234
3666
2324
5452
11694
12507
6003
3595
5123
14427
2633
12689
12232
5137
146
14221
5688
10119
10847
13136
2096
11885
9254
12859
11279
752
9331
13789
14276
9052
15372
4126
12718
1312
9578
8029
13819
15581
11624
2559
13625
14257
15248
9473
3010
15394
7310
8699
9130
1773
5451
11226
13658
14705
7701
8553
15457
648
5959
13349
9701
4947
1091
6035
6259
10670
14064
3695
9867
9304
6254
7108
7178
5118
198
10188
4129
7508
2503
13259
9282
7954
8101
6556
6276
15802
15110
5349
66
4685
2315
9767
9632
3406
15803
15891
14076
13483
3202
7560
6404
9456
14668
13582
14575
14866
7386
2320
5991
9890
15579
15273
1460
7296
5445
7736
6714
4171
13086
6780
8856
15401
164
2104
2423
15967
1612
116
13066
4814
7676
3086
14271
5960
284
12462
4443
7671
14782
10434
1177
13977
9323
2637
4889
14768
10374
11603
2556
7076
1999
11412
6093
2163
13517
8516
1746
15129
8632
14813
3559
16308
1515
1446
5885
1800
13908
10328
9471
12306
4378
10648
9899
13701
13285
14788
12085
7275
10007
14641
14351
12007
9670
4060
14170
6803
12577
15917
5548
4825
14346
9107
4750
15861
10554
10635
1277
8078
4579
10748
4001
8957
5012
13900
6274
1914
12305
1975
9189
5928
233
7157
1551
9903
11217
15722
322
7410
15255
5870
12236
13217
14977
602
12694
9147
11237
13972
842
15816
8336
4843
8389
13349
2359
14663
15263
14664
254
8068
4209
487
15225
5760
10390
10059
5098
10712
1085
3969
198
13321
802
15176
13923
13497
7939
8776
11085
8781
8208
3037
13624
213
2
15984
14876
15265
14264
15131
6950
2089
15618
5791
7850
9625
15850
12948
3953
552
534
4152
13873
1336
2944
11413
14833
10883
3805
9534
3281
12014
12572
521
12227
12574
121
10720
11456
14386
9467
2022
91
8701
7813
7941
1942
7280
4506
5896
7832
5040
10048
5321
6376
12992
350
4826
7491
4156
14360
10772
16170
10548
11294
12013
6739
11415
6349
1811
9417
15816
3833
9509
8134
11646
1066
10076
2542
5572
15972
10374
10612
9636
15696
605
6244
16046
5431
13736
3818
3407
8124
3604
13956
3034
15618
4311
14450
5583
6122
7483
5016
9955
608
13150
5217
1675
6842
7760
7247
6431
1750
1476
16067
1062
2081
5928
725
7512
3280
4543
10919
11404
8148
8491
14439
7382
12802
12505
12965
2540
3604
1597
12495
4213
14747
1329
5888
5206
9089
13135
11637
10839
14611
11320
11902
308
864
12627
7820
4144
786
2356
15549
8934
10847
13604
16316
7266
9725
12898
9806
13329
14495
5918
1158
12859
7247
7046
1681
16336
3798
13318
10791
2025
8254
6309
2334
9119
2552
10154
13263
3339
12510
12428
12273
6974
9648
12206
14240
2989
8720
7662
16319
6831
13580
1093
3306
4443
8140
4987
4395
11938
1921
15187
13963
10176
5112
16297
2911
7665
10068
16174
11004
6194
12219
6893
13168
5483
2715
11024
8473
11435
2303
8408
1883
15883
9501
5189
3943
1257
10177
8338
13195
12098
7141
10775
5890
12254
10688
8801
3535
4372
8592
14539
10567
4427
5048
7351
9910
7764
1992
1999
2815
4295
10407
4698
3794
3525
9888
7737
4782
3681
16076
1594
15779
6833
12369
5286
2703
6673
14087
6238
11046
6295
4393
5229
10722
9442
12580
4249
822
14572
6248
3637
2483
272
8336
6278
3797
1840
14015
8579
5521
13707
10173
4916
4157
6158
10202
6860
12832
7906
13099
7494
14201
1108
12723
8540
10550
8919
12789
11372
7108
2653
15010
9591
2925
6962
15869
6722
8802
13501
15302
14323
10824
9091
2855
14981
15250
13058
5458
11698
4580
2173
2808
2397
3281
15531
10937
13832
8066
7342
8820
15174
9996
7446
8382
12921
14408
7867
3260
6826
4984
2178
4765
15809
11269
7621
14406
10135
4295
3480
5449
8875
5653
8257
11272
8935
7404
5826
6383
15471
13168
15203
14261
6780
6266
6259
3318
4290
14127
6578
11117
2727
8756
15882
2152
3641
7119
175
13777
11414
3655
2842
3905
9309
11100
15178
1860
2120
4620
8243
1207
1404
7062
15469
8185
13328
5344
11503
1235
3087
1697
12352
5815
10453
11850
7967
14094
2586
8142
11487
14000
11798
14330
1522
4723
9046
316
6583
11166
4936
14826
12374
6340
5504
11459
14525
2449
419
9644
3684
3507
11341
16036
9322
5410
11502
905
3121
14088
9048
14608
11705
4462
12554
13227
9185
5216
13543
15768
16383
2095
14210
12373
8435
3330
7448
6577
5779
7867
16221
9463
11374
11179
9115
4312
205
4234
5218
3326
1938
14266
1551
13643
2344
14105
10486
11529
2938
7645
10913
2937
9740
8739
15310
1792
12069
6374
8369
1465
14241
8206
10928
9232
3001
3660
13544
3207
7894
2378
6533
9832
260
8084
7092
2604
5806
1194
14133
8744
8840
8662
11681
2196
1017
10607
3988
13087
597
12357
14552
14838
4180
9096
7686
7181
12756
4847
10388
4266
7225
538
14099
7486
8622
4807
10090
14428
6001
7840
6788
14841
118
2085
654
1136
12692
4642
14223
13289
616
12391
11744
4796
5103
3046
11977
1476
7893
5982
5742
15119
6520
3457
6221
15142
8264
16311
13187
14266
7767
3591
12723
7886
5677
13377
9022
1985
1636
6861
15275
2252
2868
10635
7048
7971
13681
2641
9447
5191
8623
15190
3926
15143
2263
10147
13902
10528
10074
10705
8410
1458
14296
4749
9344
3589
1743
1982
5575
3379
8843
4466
5631
11711
15101
12679
3298
12398
15320
12746
1205
7560
11552
5131
6319
13815
15278
3837
7959
8969
14542
16369
10427
12455
4735
3387
16044
6478
5369
5235
9857
14212
9701
15488
9539
8418
11783
12837
4433
10719
9199
5638
1895
4367
10770
8215
1799
9664
12052
9758
2249
10211
9744
12676
6282
14479
16063
5942
4573
5048
11178
14430
2876
4495
13534
12415
12914
8933
8869
963
3268
1684
6601
5164
6052
987
13379
7851
10652
9047
1225
12901
2874
10969
9194
9156
9064
8873
15099
13637
13922
9893
11683
414
14388
8833
12830
10918
1382
5315
11881
4651
6999
2099
9815
13051
3086
6810
4518
13738
15857
5744
10256
2348
329
3066
11504
9394
11939
10219
6647
9477
3728
1947
9892
1733
10780
6338
12651
12163
11653
8149
430
2268
10248
10245
15320
13334
671
3454
10689
144
9198
4561
2492
9528
7627
13997
2538
3182
7832
9185
12660
11561
11132
6168
13294
5529
12506
9561
1308
7775
1326
1738
10043
11574
11983
8979
8525
12654
12434
2830
12798
5248
7391
15291
14776
15018
12904
930
1816
4352
10116
14476
15913
4864
4260
12823
10393
382
6001
11701
8157
7327
13439
1817
2518
9038
10796
11043
5308
6846
13873
1723
12095
4880
630
10487
3514
13534
11418
5330
1502
5150
3423
1032
10014
7683
13855
4024
8066
3472
15725
16223
10800
12781
1656
13318
5435
12453
7977
10744
2915
5466
12467
15010
10346
13097
9114
13860
10247
4148
2806
11749
9298
6229
12781
2928
13913
10253
6952
5595
13725
6294
5434
8141
2691
7091
5075
8126
3160
13052
2486
6075
2134
14953
4702
12480
11666
13816
9956
5529
1580
12763
895
10878
2608
13676
13806
137
7545
4375
5732
4887
10669
11167
13028
13360
1874
1720
5102
5034
14772
7589
11109
523
6158
15811
13003
1441
13243
6576
6970
14823
2955
7865
9317
5563
5158
6740
5701
12703
11115
11433
1206
5400
6216
14235
2376
8090
15955
7478
13124
14343
15067
7850
14866
4842
7277
11486
6283
4137
1678
13253
2576
4633
4735
11894
10196
9893
2250
15897
6212
13365
10947
7419
2381
779
5270
4757
8870
4841
12235
5610
2800
10919
13460
1283
15761
4354
12769
5660
8491
14447
2529
11067
2696
7264
6577
12892
773
8827
12406
6986
5808
6969
14405
8189
7748
3291
12946
234
8132
8798
5845
10932
3333
2921
12215
2710
7275
8600
8370
15766
6663
10899
10450
9359
1780
643
5868
2553
9471
1890
9539
15279
8859
7560
7085
223
10851
3647
458
2599
12445
6303
13532
15778
9224
9363
2104
116
1580
10474
15882
8243
4990
9948
1219
6770
10592
7087
9323
3679
8977
2479
2574
1452
10039
9659
1675
4507
13307
2133
7106
9368
8436
4254
8763
1277
13618
10867
1393
15198
4958
891
7057
9948
10840
8276
334
5048
15363
9657
8727
7956
12136
11301
9408
5792
4577
11084
10299
1500
13217
1021
10868
5270
5276
3247
6547
2510
14115
7940
1324
2689
8831
8381
12637
3287
274
12971
8335
15637
6244
678
7210
1997
11980
234
7789
173
11318
1704
1673
8152
2725
12541
13422
8001
15789
3585
10511
13520
11525
11835
16209
3972
3833
12462
7260
4107
9049
15595
3360
15293
16274
10570
906
11870
10805
8695
12043
5739
10399
13716
13891
13125
9873
10929
4742
9278
14514
15254
6414
9655
10705
6239
13628
14538
2317
4504
2261
11366
3715
5622
10276
3605
16192
11182
15475
10613
3494
11134
16353
13893
8466
13860
10634
1956
8406
15377
11234
6536
14247
1265
16192
8568
7504
13436
6723
9822
1556
8984
4804
5271
14606
15080
8877
14415
9879
7968
8644
13373
2719
8613
10882
11185
6090
5133
13141
14496
4126
7992
4648
1989
9257
4456
10557
377
1508
896
10199
3064
9881
15004
8336
8103
13700
829
6134
7195
8797
14779
4184
11516
7008
15067
6318
13098
3816
3075
11210
7942
11067
15859
9931
3940
3931
4104
4318
5440
5001
14517
8504
14882
13137
456
6601
10454
1285
12736
1265
10083
11131
5450
5215
1755
4133
11533
14854
7949
14609
9680
15891
9292
9155
9438
13233
13087
13542
1167
2143
2159
15684
10647
657
12438
11104
7259
6508
12389
3611
7773
6088
14742
13223
11304
113
972
6453
14967
8921
4678
8264
8428
13971
1035
1482
10820
14122
15025
11987
16265
800
11287
10529
1458
7341
5249
8717
13849
1254
12328
5239
7343
10686
2078
2263
10799
3051
8716
9383
11972
13395
1263
4017
10982
2298
5499
5418
37
4140
1021
16302
4941
12308
10447
6399
3266
15696
15116
731
567
11060
5970
7910
5362
8049
10173
16161
11100
2505
9160
6688
15900
10423
10705
10498
12722
16205
15916
12759
3961
553
12677
8902
12862
6741
15301
16128
6053
14033
475
6620
8709
6446
14530
14071
14495
8319
13849
9211
10825
6625
15899
10341
665
10221
4456
13387
10042
3988
9762
14003
4542
6055
6522
1020
12796
5439
764
2466
3089
1239
9086
11798
7685
7233
9486
5796
15552
6951
15007
9993
13576
14523
3951
14241
8360
8407
11244
2018
12395
4622
16021
553
10678
6159
1573
7090
11599
2337
9556
14688
3577
2259
10102
11262
9492
3204
675
8660
10155
15682
2270
7348
13821
6221
5205
5797
14628
66
7815
10639
4688
7453
11193
15366
13612
12766
6073
8827
15104
15629
7131
2297
1504
850
13559
10996
4054
14234
3273
14210
13533
5543
5174
10970
11764
10379
384
10008
10445
8199
4263
15134
15652
15456
14116
12881
11839
3805
5324
10559
3051
12456
12856
4555
13306
10031
15552
976
7882
2441
15186
5031
7984
3976
16001
3364
14356
1
13372
8417
8201
1251
7167
7469
324
4900
3966
12163
8705
9291
6338
11756
5363
2810
16312
2285
12841
15480
3261
4339
1537
2064
9370
9521
6040
8988
12885
4012
8989
9873
12430
806
11124
3213
8276
11448
8113
12242
7227
435
5149
13565
12191
10512
16375
12119
12797
12833
11215
16059
788
12752
1739
10159
5889
7779
2763
2390
11792
11752
12263
7838
12559
7004
11051
4451
2068
2781
309
9296
3216
5459
6477
15407
15971
6469
11143
12385
2918
5974
12060
3706
2343
13799
13865
8232
5194
244
10623
602
11997
6502
8440
8172
13506
3108
12623
15575
5889
12932
8487
9105
2007
14964
8128
1595
5049
2887
13980
7967
8862
9656
11674
11205
7071
9155
3053
12265
9400
13676
12868
5013
3795
4924
13185
917
8032
9424
108
13921
5972
8595
6642
7980
7176
14771
9575
12225
1274
7171
3809
10136
443
15483
4957
7514
8254
8011
3395
1270
5303
16263
6283
9098
4804
3084
10016
12836
12508
10124
10374
2097
2336
632
10077
9512
15403
3268
5353
294
10439
9162
10430
10882
8261
15388
2012
132
7015
5407
1402
12318
5287
7686
5033
10091
10770
15049
6543
6895
8789
533
8992
11125
1166
2685
4253
185
5953
9607
479
8
2385
10910
10890
10647
9914
12902
10779
545
1925
12181
12863
7212
3483
1512
919
14254
177
7463
4765
8967
7996
13757
3708
9162
58
7962
9348
6011
1185
9827
6019
3570
4353
525
14217
14267
13427
8612
14812
15352
4410
11292
6181
7893
12804
7100
5763
12982
14563
10528
5565
6176
7901
9273
15338
7959
851
8302
13970
2036
1746
3605
5607
6099
4130
3440
3983
1173
12053
2411
142
79
13703
6323
7972
10124
13423
13736
6722
11603
7880
12287
1395
15782
5176
349
7357
6028
8652
4944
8064
10398
8549
13671
113
12680
728
4096
13853
12781
6508
13995
12860
3827
3934
4448
13951
974
1800
4289
12577
9681
192
13972
9079
5369
14321
52
11397
6589
4996
3077
603
13546
365
717
9842
1093
4813
7311
13874
11321
4923
10350
15149
8857
14798
12716
9831
215
622
6024
9896
814
3612
2591
6183
1550
2643
1196
8139
7640
4274
8743
4802
4639
9460
14644
5732
14273
5571
3222
9211
10494
13572
7976
2968
11986
4308
12799
12201
4930
2440
5713
5745
6052
8304
11928
7602
10948
13125
15742
2204
1015
8101
7006
5654
1177
5266
11386
15450
10837
14608
8277
4948
11796
16253
7916
7398
4178
4331
3216
9108
6771
8929
14853
12824
850
10398
4042
11798
7139
3400
14002
8154
11501
4624
13808
12678
9890
8810
11745
4343
7034
3638
9291
2446
3508
823
9844
7686
5155
13060
410
11926
5606
15264
8366
6456
9278
12409
1870
33
15809
15872
8187
10927
4112
5611
7221
14002
14421
2582
1961
5071
6221
11253
7517
9729
12076
977
1031
847
14038
1441
12774
3260
321
4756
9716
9599
781
11586
9632
207
11074
1435
11134
15186
7046
1971
12804
5083
4554
14765
10154
10775
9634
1287
4120
5327
2265
5151
6174
16303
6592
2564
3179
6914
7321
12895
129
8102
8097
9762
8309
2787
11197
3059
1589
1860
5031
14393
6943
9585
12774
714
3976
6025
2001
8096
11352
4266
13247
1142
4185
3455
3707
7364
10369
11028
3875
10499
2746
11972
3877
11056
14759
15074
14115
16348
550
2762
14357
7494
12347
10748
8208
16323
389
10209
8035
11741
14476
4898
12883
2277
8354
206
9642
2339
11234
13517
12838
13981
9106
331
8653
7481
15406
6384
7446
15956
9147
5419
7066
5110
16167
15274
5050
172
9100
13085
11913
7192
1600
8413
9469
9954
8619
2727
12293
3470
16245
8748
1067
8967
9079
9720
64
8101
16104
7510
7674
8867
12930
14740
13978
12713
13631
2644
12886
6347
15729
8415
13539
945
444
6624
10899
9064
9352
6809
12534
9213
15557
13601
1796
8252
6937
1860
16354
6657
9371
7644
15525
5917
6000
13119
2246
3247
15763
15132
9594
15108
7164
6749
16054
7608
13374
10569
288
6342
994
12822
15555
167
10039
967
8420
592
2827
8390
7250
12198
16034
6391
1731
5650
3126
3978
8898
2505
2726
2108
1229
9890
8858
899
1115
5848
11469
1403
12190
12463
14226
11361
12631
7881
12328
4667
8474
15155
13057
15724
10970
12707
5731
12701
1973
8857
295
10871
11362
3022
12980
12591
12912
5454
13491
14027
11302
8576
15431
7108
4655
13273
2085
902
4770
14413
5569
13244
13184
2242
12584
7770
14949
1931
4088
539
10788
4383
11410
5766
7405
8006
1974
3934
13460
15465
1577
8378
7657
624
15486
12312
13897
1187
13215
2284
15600
2400
15528
12401
4643
11729
3787
3208
13660
7875
3747
8065
12259
15158
13831
3280
6780
15805
7214
3857
14886
8792
12235
6159
9416
11338
2088
6930
12525
15303
9214
11742
1319
8358
7759
5962
3703
11546
9171
980
3038
12918
9045
15297
11692
6492
2193
2089
5914
9408
5946
4416
1816
1797
10576
11232
13135
12664
1778
9277
11583
10992
4635
12902
2967
12394
2481
6670
7556
11652
7650
10594
8186
311
9507
3495
6804
11701
5584
12718
4725
11530
750
6541
13327
11326
1389
10079
7606
3168
2972
2805
14160
7607
15708
743
3617
1805
7414
11173
13457
15064
5384
5259
15376
14891
8754
5796
10208
14338
2130
14933
9484
2880
5090
6428
14207
6480
123
5429
9648
3095
8235
7424
10702
7559
8168
14319
9364
15582
9108
6437
14262
14492
11696
13254
13000
4067
2666
6824
2021
4796
5374
11506
7677
10464
1550
5500
560
1673
10929
10208
4768
2780
1249
15470
10339
9417
13405
3319
8615
6129
9756
6493
4238
5069
3364
854
9136
6030
7678
11157
10827
13052
6279
2120
7133
7829
7620
7693
9502
2165
1518
14270
4946
2767
13356
15285
12184
10377
2221
4415
123
11977
10908
4361
662
14272
5215
9798
3919
12893
4572
14746
9562
10851
482
311
2297
8102
8004
11799
10267
9522
9686
15213
12289
6658
14115
8089
652
16336
12504
775
11929
7029
5136
12592
4917
10351
6006
8836
6860
10578
7198
38
5046
7680
349
7343
15782
8354
2758
9666
1492
12444
8495
13782
2719
6226
5487
3371
6178
1608
4146
1724
8637
9282
14316
13554
3249
3938
6007
10109
14517
13205
10148
3179
4502
10497
10522
3900
2467
13280
13566
3960
9341
5678
1358
12060
11904
6845
15431
1699
8453
3193
3423
706
12475
1355
14261
15724
5293
3884
9449
3426
705
3213
6605
5207
13711
743
9108
16178
14024
6290
3754
6981
11968
5112
2657
7489
11958
1704
9188
4027
4897
12611
4734
988
13966
2611
328
2875
6495
9777
6302
7200
12991
12907
12408
10318
13651
5132
10112
11291
11422
13867
1888
7007
2595
4545
14496
14553
6249
7300
2197
11146
3527
6931
12134
1109
9542
12462
3984
16037
5855
10286
6853
2462
6810
2877
12780
4077
8009
6509
15368
3048
3992
872
10055
6587
5417
8167
4757
11666
15467
6954
6428
2610
13885
2178
3719
7043
14640
7703
6696
4111
1606
13549
6574
8416
43
2970
12493
8052
9479
11477
11100
13471
12349
4771
3675
1382
12938
8432
13048
12021
15386
3092
14631
12887
5270
1966
3546
3526
9670
10242
7637
11276
7407
14211
3308
7450
798
15801
15503
10277
10894
10219
7365
6859
14991
11040
8241
11545
3088
4905
7183
2090
7997
5430
14977
13267
7397
2139
409
683
12381
8046
11959
3404
5874
15267
10855
6672
14684
9974
565
9194
3809
7930
16053
2416
2586
7910
13962
5674
12815
4761
7764
4428
10191
6357
1311
1204
8496
1720
1887
4493
9766
13846
7898
15640
12729
2369
5928
11029
12343
6494
3839
16152
14424
3508
2185
627
11418
16147
6301
7849
4524
14066
12277
14715
4039
13588
15920
12536
15308
1423
645
8691
15270
8543
7947
11615
10912
13876
6261
6871
3986
10100
6640
2026
13609
8825
2653
8643
8588
8955
109
13112
6637
12386
11443
10676
9591
10979
6828
8515
12403
7474
822
11289
16017
8770
6520
10546
6262
12781
1033
10248
6498
7673
12274
3723
114
14928
12366
8702
7499
12475
5430
14136
8478
490
8428
1685
11469
15257
10200
7488
6347
11023
2393
5980
3409
8914
142
9671
5311
1176
3535
11809
8849
15809
15532
8964
14353
11515
1282
5468
7606
6713
3220
16084
7203
11649
1385
2288
10522
11586
9777
485
6225
12170
6465
9634
4700
6608
2921
10012
7784
6456
5437
249
5881
4586
9213
3851
16101
10496
9319
7323
825
12540
7024
8028
7805
8409
10316
1943
3611
3709
2428
9836
15880
8893
3086
4196
15501
6007
14208
6901
12463
3262
7151
1961
7848
16364
5812
7565
10476
15131
14888
11301
11287
5528
2945
2708
13938
13262
4651
1165
587
7079
11002
83
15973
14088
4280
15090
3712
2104
5608
16175
5366
12759
1752
13214
12739
7564
4395
6832
6312
2900
1749
1215
8428
4695
3924
5982
1573
8575
7148
2160
15655
1766
2244
15244
15854
6524
13950
3182
8628
3174
2974
13995
15933
4726
10825
12289
12291
15221
2737
2219
1737
4486
3434
10165
9181
7358
16148
10754
15934
6912
12915
15205
8678
15159
14065
8148
5299
11631
11331
13927
14806
14305
11538
14355
2647
5980
10260
14938
4817
12997
773
6554
1100
4208
335
10281
11566
99
4652
11116
7011
1183
9937
15689
16342
7618
7454
5257
2866
2401
2800
1288
322
14339
15643
2969
3935
9520
1524
8752
6133
2297
15306
7233
6505
15641
1131
1688
15741
5783
12804
6368
6966
6358
5674
6924
13976
13128
12181
458
15529
14981
1746
15851
12936
1006
2436
487
10526
3960
9239
275
6258
8161
7509
12763
7419
8640
14451
6776
14423
10872
13144
5005
846
2434
11929
14822
15562
7726
15281
14707
6323
643
14174
2876
1649
227
3363
12175
4187
12603
12451
10445
4380
3576
6825
11799
12216
4892
2191
10255
15764
15336
15260
226
1386
10805
15049
565
2147
13946
15272
8470
14589
13063
11346
16239
13290
14710
12030
1093
10929
8097
11539
15309
11673
1980
10725
7505
6872
12916
1376
6253
11868
252
6479
13255
11057
5144
13820
13204
2706
12708
5291
912
9387
253
767
6293
14963
12797
7387
9508
4511
2542
8434
16184
4522
2775
7306
11394
15691
8682
1263
11176
8935
7743
8047
3608
12887
5483
429
15594
1807
5720
122
11195
5973
889
1104
4553
13686
8491
14061
1813
11033
6111
1614
15555
8886
8920
10566
8194
1218
11829
2986
10153
3188
11033
13762
16076
132
14191
15286
1939
3527
15408
13134
9500
16297
14239
14053
13599
6346
11731
15413
996
1458
643
167
10345
9563
10733
2155
10781
6179
5141
4551
9367
16174
1929
9059
16306
16120
7961
1861
3263
6985
14996
12763
6898
12851
10433
4114
2813
5780
3143
3809
7238
3786
3977
1199
13349
14710
3354
7746
4505
8495
12297
13873
8285
14226
6548
8207
13962
14510
10069
841
5111
8681
13605
12010
5148
7654
16124
7961
13434
2883
11771
4288
6669
15748
5488
3634
14074
8842
11380
2196
954
7294
16069
9239
5136
6233
1063
2715
4359
11132
3556
9471
3429
777
5097
8577
8431
4837
154
5481
7720
11925
9770
14389
11289
15258
1639
8980
7716
13019
11176
8670
3929
10861
1526
9066
710
2589
11781
5070
13721
15337
14541
766
16115
3254
9343
8162
8091
9497
13644
15811
5039
7030
13816
16328
5904
15455
8924
13620
12090
3716
5907
16020
14577
7433
8702
15288
10022
4099
3974
7359
3052
2131
8125
2783
5385
1084
10946
13476
10581
8206
12903
15620
15236
10335
15565
4756
9406
8105
1992
5112
11822
7899
4748
10015
15332
13450
8919
8970
1165
12893
16329
4218
15024
8070
7001
4025
9154
1563
1117
3352
9769
14020
2588
8621
7971
1769
13377
993
9875
15370
6106
5313
6885
10854
15328
5834
7921
7864
14804
9086
4373
14750
13304
3014
6436
3922
7039
15591
5485
8157
2559
15255
5793
5147
7492
13765
6917
4486
14758
408
3472
4480
5721
10357
15335
4665
16191
6872
12529
14612
15958
519
12978
12879
3533
3030
417
10572
2237
5902
2345
4796
4773
8139
9944
12266
5520
477
368
3894
885
3840
8375
6606
14197
7326
11271
14005
14198
7417
12233
13772
7936
8827
10267
11469
11857
10684
5657
14095
203
8003
2507
4976
16142
12451
858
5278
12928
1226
9172
13813
5066
1163
4035
2880
8489
15307
501
6303
6340
12734
3692
14276
5177
13959
9361
650
8260
15018
14745
8463
6637
869
13439
6395
13320
14298
11673
9865
15524
4462
7294
4207
5625
11330
7087
14115
10253
7588
4034
209
3938
7726
14485
9115
5302
7462
9765
13562
6096
8127
5641
12734
8996
2696
2745
5932
610
14419
15797
16135
2497
6708
3958
8122
1654
11045
5853
11907
2249
9888
12116
6187
1230
10217
15302
6532
1295
8683
3710
7391
426
9351
3741
9422
12048
6487
15355
12658
4522
14768
12409
7019
5092
16367
15141
6746
11028
4611
2269
13277
14499
14385
3080
15729
8218
1998
5878
9513
10682
9588
521
11108
2556
4262
4147
14604
10749
3118
10878
15271
1502
6904
5906
6595
6887
4664
13341
1532
9275
15611
14809
7390
13612
1506
6735
5447
3504
12613
14960
14186
5818
15481
8911
8374
3360
13058
6594
14109
16176
1088
12997
1294
7992
2519
7889
14880
7183
4847
28
74
4074
14837
7464
1302
16343
14200
6749
3464
10429
5326
1266
16247
4423
10177
8237
7783
6851
14831
5509
6643
15920
2122
7938
7528
4641
15827
6024
11825
4290
6052
11899
8364
4506
2980
9667
4465
796
32
7929
11225
5358
9196
11089
9782
2989
2942
1181
9841
1390
6690
100
926
8812
8038
8454
13454
7482
14479
8895
11772
4147
4410
3753
8653
7390
13420
13119
8186
13452
4664
3028
2427
13860
14117
12209
466
675
13390
10307
2065
3697
10407
2991
12509
2062
11446
9579
9544
9541
2090
4932
13688
6501
8685
5958
13891
5721
2693
5694
2790
7357
8722
5217
4834
6455
1042
5300
7130
14432
15607
9196
1745
9630
12187
14255
11692
7249
7450
4852
406
9541
9785
14095
16042
2086
3669
13549
7808
6362
2859
10598
13719
11581
15815
2169
1652
473
7469
8783
14905
6692
1595
267
16323
13782
14522
11631
4648
5588
100
5054
15129
9885
2765
14787
11971
6434
11953
3395
12796
14812
13993
10132
10010
13424
12301
11662
13897
3387
4061
12419
10079
5656
12686
10018
3055
10824
5266
7703
28
5366
12757
15158
15251
15523
13561
10838
5573
9130
14234
1986
7559
11843
12118
1185
8884
8035
12847
6397
11422
525
2432
5118
6181
15118
15136
9236
9558
4018
555
9587
9384
13313
8361
8251
12452
5538
2706
1641
14669
556
3627
5844
12399
15745
7029
4899
7397
3492
11297
2435
4017
13729
7553
10199
12464
6306
3051
5638
10324
3607
15225
3325
536
7202
11576
12988
12741
14282
14629
11026
14838
1873
486
10854
1234
7515
15753
8631
11007
10666
11067
15025
8012
2236
8840
4092
8542
11891
9730
2483
15498
8572
5808
16034
15774
1000
12638
12131
15283
10884
6773
13737
12757
7259
8207
13991
14774
7577
6239
9398
1859
922
8039
9871
3158
495
13963
11701
12386
7310
14184
11501
15882
3608
11151
15272
4608
7406
11020
3507
1906
1409
861
14663
8669
9068
12270
7059
261
2125
73
2121
3047
8112
11992
6206
8607
9572
1523
4610
498
15707
16111
16380
2931
10878
15268
7539
1900
9904
11047
3806
11314
11908
2085
3599
4592
14356
10658
4854
97
10732
6975
3145
2460
2583
9351
11068
12155
10874
15678
12653
10197
15405
12649
13128
9899
11534
4283
11800
5054
15330
15606
16368
10854
1308
3583
15447
15664
14242
3917
15761
8590
10892
2522
11050
13475
11873
5734
9247
6363
5028
5516
176
4049
1782
13304
13949
13316
1204
9365
1986
150
8587
1971
11005
9895
5554
10068
9175
3412
13985
8553
12002
8493
11075
6669
5584
6565
12403
14831
12928
1048
3964
13105
5097
5746
10025
2662
2678
11229
12027
4664
11380
4231
6635
6001
14126
12190
16069
6918
15602
13670
15471
11221
5779
10162
1506
11363
343
13909
9811
13272
14957
13775
9993
3671
3137
3634
6333
5815
14864
1977
10479
9860
6208
731
15861
3950
12921
15546
10868
12139
12832
9955
6976
2227
3734
8482
13590
4077
6008
7017
965
4581
4408
10958
8252
7545
14593
14586
13360
13073
179
7456
6549
6387
8187
6026
10337
4724
5188
4822
479
1636
14777
7456
3863
2127
15938
1069
6205
5562
8087
7170
10144
12495
1745
2012
3657
16338
214
633
13027
393
8089
3192
6780
16276
9218
734
4616
14406
5556
5096
16042
3949
12552
3521
6077
12106
4590
12282
1285
12677
3068
11429
8789
4813
13441
12446
4767
13656
13079
1410
14049
4785
4602
4446
4677
13820
5180
9294
11842
10736
14390
11500
14685
10558
15021
4378
6280
3228
276
7565
15905
3345
2610
8310
8158
16052
4372
12926
13324
1068
14336
10989
5853
2555
15435
10530
16375
4231
3440
11834
14967
1446
6950
13269
12004
5588
1263
1901
8816
1540
9466
8337
4885
12077
264
13043
11745
4636
9585
8685
5704
7538
3290
11557
10093
2342
5704
10084
6573
9144
5534
5157
10591
12485
2042
6211
1689
3305
8112
10505
4845
1195
2458
9730
13272
2722
6390
8633
7359
15975
934
13063
7129
4224
8237
838
6566
13941
10923
13140
6701
73
1913
908
12558
3955
7120
14247
7260
15232
8368
12106
43
10827
5452
13315
13549
11842
5564
4524
11434
6498
1204
2179
10723
9441
3018
905
6998
13941
14045
13699
14014
15958
14608
10189
3529
5344
8052
10790
4192
37
6512
4236
10864
11964
1167
8029
7423
6732
12554
2473
13230
13758
4652
7569
6815
7670
8475
13813
5227
6136
11128
2858
5711
9352
13047
9240
14696
4715
3646
2505
4752
10158
6741
15616
5739
7908
7262
13162
14640
3432
15635
11487
806
3903
2672
7621
11574
11147
5050
417
900
16178
3275
6611
9147
16322
15851
7459
4654
3114
9964
9406
13272
321
8639
2627
8230
15901
15789
6486
2949
15040
1589
3755
2560
4262
11376
14134
15409
42
14551
16309
16220
1443
6536
8983
1381
6004
59
6035
9118
10023
15442
6006
10345
7697
8634
2191
7214
8039
8677
10163
6696
10267
13918
9256
14529
8910
7006
13554
8952
5173
13480
8788
6616
3632
1388
7998
9636
1447
14033
2370
11470
13091
8377
5431
4404
627
7622
11618
8666
16300
5397
15362
10183
2931
8234
8328
11841
15240
5498
4409
4030
2594
13198
10646
6227
14586
2260
15863
16033
16294
1850
11119
13001
10227
167
1022
10854
7789
12640
3136
7705
1654
2115
1504
4585
10349
9832
43
9206
15331
4452
13236
1541
1266
7498
7768
15852
9759
7248
15501
9669
9098
10237
6286
2941
10404
7308
13795
1809
3565
547
9515
5219
2662
11019
9804
13012
4468
9847
5834
3415
14300
2686
4956
15566
10184
12725
15035
3559
3589
14152
13228
12687
8005
3131
15628
2025
10439
13039
3835
14004
13586
13350
2839
16249
7985
12644
12877
12453
6107
2327
15868
4023
5013
4441
3206
15197
782
1857
2373
4371
16009
15601
674
7631
2348
16302
9656
12788
12957
13491
10408
10159
10457
13248
10024
2059
9508
6517
14512
15615
8844
13997
3255
13857
2054
6461
12671
2836
8318
15044
7207
7943
14261
7881
15574
226
7799
8847
13014
4372
5954
7038
14531
28
3902
8172
2087
13410
14689
215
12642
7150
14212
15897
4623
16266
5974
910
2718
14292
15954
9925
5851
13832
1422
5042
14058
9221
13889
10688
13593
3459
1342
11741
3487
5245
3529
5574
2271
1834
5790
14913
8984
3618
14426
13608
3501
4016
14518
6219
1924
14089
16145
7776
11537
1183
12818
9211
10405
10323
3515
7614
13782
4857
2971
886
10102
6500
6460
12374
8335
12250
10903
935
15869
8946
14543
2986
12962
12678
9205
14887
10383
8966
6279
5536
10150
2713
14747
4171
13036
1878
11785
10434
6735
14757
11320
454
4873
1397
12828
13208
13647
7347
14144
13132
16293
12303
16118
12872
8597
8940
11375
2596
1522
1270
8132
11672
3983
6495
15843
635
8373
11245
11069
15109
9618
6006
15563
14491
7403
12007
11316
4666
2970
9076
1415
2880
4995
1149
15752
13593
10089
10743
16189
11612
12013
7938
6900
15996
14433
6360
247
6423
1221
11316
5148
10839
938
4327
8946
8341
16334
3878
13008
2920
12954
14423
5800
1566
15572
5168
15159
9278
15911
14964
4506
11540
6518
11406
11152
4568
1382
11399
10991
2603
6332
16139
13442
7270
4082
6005
15612
4032
9883
12236
6952
6454
10275
12753
8020
9463
1537
6795
2357
1065
5375
6863
12605
11894
1886
7374
78
3268
2389
11069
5872
8721
10824
2930
15992
14906
8935
15220
2554
2435
11072
9506
8889
4963
5875
525
14426
7413
7320
400
8478
12695
7263
4699
8205
9149
12073
8283
12418
14463
2968
1906
6800
13792
4836
6408
12314
13772
5244
14868
16207
16316
7991
8712
4895
13866
9237
2938
4895
173
3338
13373
12868
10601
1689
4690
3367
13762
12973
15785
11841
15942
1307
2258
13350
6143
8666
9281
3531
13911
7765
3354
13843
15756
12066
2355
13239
4919
5293
1750
5092
8631
15124
1577
2848
429
6267
6215
14191
2856
5616
9649
2414
6923
11907
15765
13067
4189
8662
214
1716
43
3569
15560
15800
15635
1531
12655
4171
6824
14405
9263
15455
13145
10840
1919
13574
723
8135
11382
3580
13751
4647
5994
4291
170
5375
974
4359
14037
1188
6076
14081
4757
5252
13497
4009
6783
9768
8180
13607
7789
1059
12678
4551
11900
14597
1741
12623
6348
13123
16203
3716
1386
5814
8007
1556
11189
8981
5916
8843
10169
11992
6540
14927
860
3653
2552
7643
13421
10732
4866
4826
11791
1160
9377
7307
15757
11119
3547
5722
7858
3366
9438
9245
9180
1061
10801
3986
10042
333
12829
3827
12325
2985
2370
13185
6638
4922
4444
3675
15654
9310
8501
11062
10470
1495
1985
9844
12614
5532
15566
4088
8899
8620
13333
1695
9681
7751
5681
3339
8084
2126
7166
4026
5111
9537
827
11749
14459
5272
15424
13730
14582
7542
8408
8669
9037
10393
2129
5267
15926
1311
9355
8441
9931
6305
10136
3228
14056
15818
6567
5756
1560
13733
9782
6672
6886
10610
2037
4962
15882
1078
2308
14080
8620
10716
6365
1273
4725
8494
6540
4267
9805
15895
12708
3352
5816
6461
6580
3488
5895
13147
9245
7455
10497
2643
14127
999
13253
16165
5961
12751
859
8269
10448
9479
2601
429
10752
7327
8924
908
11594
2345
419
7919
5698
6236
14380
12278
9724
3891
9042
2585
11346
3155
5229
9090
4154
2098
8871
10116
14850
9730
2001
8914
2825
4603
9343
13577
11930
1883
14485
7140
4229
14904
15059
9927
4756
13055
5821
14481
562
14863
682
11909
1634
5911
4615
5789
8010
13486
15905
6476
6832
1522
15390
9657
6125
8349
6850
1671
10233
4951
8812
14462
3471
7487
8005
8228
4159
13826
6325
4721
12306
7007
246
13940
12919
4861
3345
4545
1963
2866
11021
8795
4389
10027
2068
10514
1992
8918
12186
12225
13869
4614
10303
957
12101
1924
9185
16260
15751
15510
4598
11673
6133
4844
9229
2668
9706
12575
7213
11669
15441
1850
4081
3446
11877
6149
13961
13870
15068
9763
9711
12553
14377
3631
13510
10094
5555
6311
9971
4922
5437
14569
211
11571
3029
9441
14239
12735
5632
5069
8021
4689
6919
12102
8136
2413
1867
5713
16283
551
15476
9610
13105
13469
13241
10231
7179
2413
159
766
7335
5596
15335
7547
783
1981
604
15023
14716
6236
3708
6353
10925
10627
2071
2677
13040
3939
8390
12939
4490
7482
6166
1211
4567
3023
11443
11747
5436
11602
12513
12772
814
11465
3935
1598
13446
4539
237
11778
10775
3945
1748
5316
14572
3819
7994
11229
7758
0
7784
12249
7483
13950
13460
12050
590
8519
7413
6026
3737
3543
2414
4552
15008
6349
6150
12070
10888
6387
7464
5279
10332
9212
10596
8520
13032
2206
3365
4406
2206
11150
271
9689
8716
13732
5356
9306
5867
12769
15333
9605
16312
1363
14157
14936
7713
3923
10622
2217
10310
1703
7497
4258
10915
1709
12778
7563
3915
16144
11970
6121
10910
12241
15811
3242
9589
4783
12549
15457
1168
11498
8678
1097
12861
6451
16033
4190
10374
10272
6408
4300
11975
13905
8558
6506
15614
4952
14070
3145
4712
9656
9266
15622
5513
8693
2481
15103
13476
15030
14176
14645
10144
6470
15742
6621
12921
15391
10812
6911
9279
836
11211
4870
14741
3385
11377
13971
8337
9063
732
13050
2335
9998
12288
7848
2308
14769
6567
15784
13415
4359
14045
7175
10829
13403
13797
7366
12411
8225
14277
5306
9061
9104
10177
7418
12489
5170
5005
4443
14233
5737
1109
184
15735
13397
8032
1659
11783
14600
1060
8814
2575
15105
15990
13405
12125
13403
4387
8152
5244
2281
13458
14305
11385
7251
5339
7491
12421
10344
11934
10270
16081
13043
10454
15432
10056
2103
708
5455
319
1768
14270
2894
489
13876
16299
12614
10895
4303
4382
16139
6584
1457
14060
1585
8708
3015
9076
4746
13359
4626
15016
13056
1285
9087
12104
11342
11190
12812
413
11509
14580
14683
14403
15070
12175
14319
11300
6686
2238
15683
6441
8822
756
4117
10407
9464
7132
3100
14210
4107
7726
12843
779
9012
5546
12884
3970
352
9312
4383
11861
7509
2683
9880
6195
14858
7815
1111
5161
10053
410
11602
2491
1166
15720
12899
10631
6468
15999
8457
10576
7341
4916
11355
16353
10462
7855
3939
10814
784
8323
6291
8293
11006
16172
14488
9480
7603
15599
14641
1273
16010
9860
3764
792
9196
279
11423
15664
16278
3497
9856
7236
8413
4828
7205
2492
12683
11145
13306
13467
3084
3214
5376
14090
3002
3480
7186
10605
2696
5444
11878
2322
15304
15643
3114
8116
15922
14538
7396
15817
1651
869
6669
10064
5697
13874
12556
1996
8635
9479
15464
11719
12693
4456
9425
15695
7937
228
9916
10633
5672
5411
12955
4592
4670
16069
12708
4208
14223
3720
3641
15874
4589
10310
9555
10286
7801
5727
12283
52
15206
11363
11772
11515
15819
4813
10826
7372
5041
4359
1621
10713
9770
14576
15305
14440
14262
11629
2264
12101
15350
5906
11592
3555
16216
4763
13842
7633
10490
9741
7686
9313
4720
3074
4444
4155
7887
15271
11528
12929
3246
13149
7258
13016
11342
6180
11072
9220
1425
13336
4937
391
2858
145
3947
2691
4908
1405
10324
15399
11146
1626
8328
15866
4700
12772
3637
12588
11659
15165
9133
14905
11931
7
11537
6889
6187
6225
16109
7613
3178
4662
8004
6036
4808
11951
8727
9716
13356
2668
8731
8118
4294
675
7600
8995
13448
11238
5199
8723
10019
14332
7245
5566
14339
2398
12455
4143
8624
12180
11756
11802
459
3376
1454
5267
15328
10182
14983
12300
12850
7331
4035
760
8006
11635
9755
5070
6489
14954
13794
125
12902
4655
5691
10858
7053
1763
15001
15677
13943
10373
11095
14402
13749
12550
3285
12693
6348
1885
8610
2814
9216
12645
3574
838
7896
13330
5909
14386
11900
3319
14511
8419
7974
3818
2893
15027
5581
1510
14321
3141
11883
9032
1159
9248
5198
4445
5558
11546
6330
14168
14360
15546
10429
1551
0
1941
14881
5909
16327
10397
9228
14454
2432
818
1889
5325
15846
7470
6835
13783
10611
2334
6431
11771
11583
11630
16216
757
6792
6162
14925
4769
5324
8970
6320
5324
10911
4817
11234
10855
15214
4078
8925
1263
4897
10814
6588
4359
1901
13424
1758
12512
15758
8189
7899
10957
3435
7731
11714
10228
13893
10255
14997
2833
2841
4933
8158
13753
9750
3008
8224
8580
7086
765
9843
11983
11580
48
16342
13481
13472
1716
9609
12846
9906
1125
7420
13341
8856
2750
7185
6366
13006
5798
9199
15847
10731
973
13216
4097
3981
5056
12678
11068
5822
6137
6667
1018
6185
6626
14499
3273
8342
7724
16120
1864
8849
7156
15206
1322
9906
6007
7688
6528
11806
503
5992
6153
1477
2824
10251
5458
7881
6545
142
13703
12682
6810
14721
2484
13436
12836
5757
5394
4176
5493
7259
13026
12649
6081
14348
6172
12088
5652
12700
7510
6155
2308
13664
7632
5133
7531
13091
13014
14076
13233
10333
10374
3659
8670
12858
711
5122
2232
6106
9298
7725
13365
5940
3991
3062
3904
10163
15150
9556
6479
6277
15712
8788
3557
6960
13921
11088
3667
10551
8780
517
4500
2770
4176
13170
15629
4888
1908
1477
10994
11206
9202
7975
763
13193
11037
4667
6972
9803
14224
13452
16080
13552
5856
3253
4128
3393
14341
7796
13944
6737
8313
2060
9508
12489
15230
8753
993
754
10230
11987
11960
3048
3578
12723
16242
14615
1007
6830
8035
15231
3898
7731
12399
9754
10985
143
13147
8942
7939
10707
15680
16252
12767
8804
12358
11613
1173
13351
12367
11403
8955
7944
14451
12533
4283
14309
10765
5290
4756
2416
4137
8654
10147
152
2025
4748
296
15172
13691
8235
9496
12987
8104
5879
5407
4078
1109
6580
1045
13476
1599
10000
5036
16050
6150
9320
13976
531
14610
2348
2947
2364
11002
13094
2516
13027
1459
2812
11816
15150
11048
4928
11753
2768
10807
776
6846
11916
7356
7891
9009
8955
1508
14045
8621
7658
6981
6213
8189
5208
8561
11136
7572
3180
7846
10088
16207
9305
12901
11639
8071
7565
183
3440
10333
10991
4216
795
6523
11572
8686
15532
4143
10194
13194
12765
1468
3791
2594
9657
8999
11156
4409
187
14336
12256
10276
14159
5177
6793
9415
13249
14358
9598
305
8307
4205
4522
9102
10729
16094
1404
9877
3854
11599
6687
235
13067
10479
2829
6341
3094
13985
10750
3282
11937
6622
13558
9713
11800
3967
2744
8665
1941
12342
8970
10248
164
13492
2966
10893
13203
4370
4386
673
15969
11074
908
12653
5169
3737
2610
8263
1339
13360
11545
13276
3599
8719
6605
15399
12686
9349
7680
14627
5308
266
8491
5472
13759
11457
16365
10578
15828
4367
11251
15413
15441
12159
11682
4226
15896
14292
12490
851
11269
7651
14128
14868
16371
4349
13883
12673
13699
5179
10917
2623
5445
3024
8095
2820
14482
8076
13398
13926
12443
8265
12955
11501
4040
8254
15727
3553
6162
11833
4404
1047
3101
2148
15915
3088
6498
13414
15761
3813
2209
10294
6436
7655
13319
14531
10475
11417
6223
7490
8959
2282
15755
5530
13783
3412
13784
13127
6965
3563
8576
11369
4610
11677
13518
4142
14765
3632
1172
14143
7445
3382
8053
13881
11037
4988
12028
5128
21
1867
12618
8980
4149
11990
14511
1549
15402
11911
14676
5983
15474
6868
968
3701
2162
14486
7843
543
1734
9015
14686
9179
12397
6356
6676
7050
11344
2320
12179
11366
4187
8413
3962
8337
4019
2089
9886
3037
14001
8178
9020
13091
15046
9989
408
824
8091
8251
1368
9826
883
16054
2621
13280
6026
9298
3947
987
11618
16126
12353
15806
8155
16315
7759
12175
2021
1261
15212
16022
9439
7849
12729
8101
1454
13138
8926
9545
5005
10294
2987
5888
9964
5609
2785
15991
14907
6732
594
10141
6474
12947
9563
14629
12878
938
10420
14899
2199
9249
14537
11638
714
10883
3356
2168
7637
12282
11713
12642
6192
14701
2147
16156
3926
4932
15763
2449
11664
16357
12590
1754
12920
5770
16383
9415
6708
10420
7930
8908
3285
6084
4162
3999
583
7518
6167
8220
3416
1496
4478
9608
16197
6625
9381
3739
11557
8760
6188
6837
8734
2395
8591
5270
8165
8591
14685
14873
2627
6232
7397
5912
12316
11560
9911
12899
2694
16078
4735
6111
1190
9213
15719
1004
15839
8716
4743
11012
1093
10932
1466
9827
13327
10057
15097
5108
2264
13399
3597
4891
3247
10995
10803
15563
6171
4330
12078
8865
4024
429
14976
5215
9642
14312
6219
9097
6644
10962
3726
7737
5510
5192
1180
2453
15249
16278
7561
1130
13293
11159
6021
156
5770
441
15719
11941
4771
11413
4422
8796
11842
3015
14011
5100
943
3846
14198
7587
14808
1540
15325
3935
6732
121
6388
5597
15
13950
6727
13308
8725
12749
13464
14495
13190
12799
10052
1577
7828
14474
10373
3286
1105
8000
8387
2048
11846
6201
9636
10271
7741
8577
14206
14473
8698
4210
3686
8714
1776
10414
5638
10501
6779
2719
8612
3585
15518
2280
5162
6963
371
15536
10249
1476
7152
2252
3525
2615
8453
13161
12886
16194
5354
10708
14283
14052
14918
1586
6382
311
12000
12021
10812
2395
14740
3041
5980
13874
5321
11142
4453
5692
10294
14703
7169
1063
571
10694
3678
9025
7471
180
8835
12825
10888
6735
10493
9422
8321
492
9733
3937
12513
4162
6332
10869
7203
12312
8359
12524
7070
12813
1833
981
11132
9002
2044
11703
3312
5722
4344
10783
5902
13180
7224
406
3531
1333
9828
11852
1825
3178
15789
14338
7340
5737
8823
14543
1665
799
10683
8735
13612
12516
9716
8360
5134
11760
3679
8446
1098
8024
2845
7000
4820
10069
7406
8351
11403
851
3819
13228
4029
3224
11183
11369
8961
3622
9528
10626
4421
3827
2977
1649
16344
12694
10009
5094
8070
13689
13541
9169
5329
2
16169
10149
10072
7192
2116
5091
8043
5935
1935
12072
9159
13118
7057
1736
357
201
12362
4778
4028
15339
6428
3988
11649
53
9083
3336
13742
6240
12505
2687
6242
12290
12836
16314
3098
14952
5021
11141
4503
6957
6829
13662
3691
13886
15398
4048
14087
11376
8827
1732
10332
15255
5720
5597
15308
14803
8933
12667
4659
5054
15354
10902
961
11807
10832
4059
10375
15854
15201
14879
6427
5646
12157
10118
3149
11172
14167
852
6164
6610
2584
112
5481
8305
5710
4405
6724
14643
688
11384
3314
16043
5902
4275
11466
350
8334
5457
16204
7151
3952
6247
12798
16110
16366
15947
10898
14149
415
678
4375
3000
791
9856
11305
6501
14261
1645
4760
14950
13029
8074
14609
2547
12349
9691
2898
4300
15148
2718
11451
2717
8966
7865
2443
8948
7428
13341
6713
7844
14019
11088
10844
14810
4560
5765
4927
2437
7410
9688
1003
4056
1378
15612
6603
13728
8919
9501
1644
7684
12220
13095
10401
4802
4577
12844
13750
12005
9801
4079
3465
7436
15167
14309
5863
3343
3690
10790
5780
11101
4094
6784
15157
5473
6012
5376
2817
14932
14878
4461
6232
10714
1172
249
15516
5749
13093
12882
1371
6510
577
4836
13946
15744
2762
3425
2703
6452
14216
8483
1169
1926
15267
16326
7399
4896
5319
10216
3444
3813
14677
9676
14527
15850
9925
13659
5215
6634
10157
6586
13144
10734
11423
10706
10094
14185
14132
12797
4253
11964
4896
5423
13890
3780
5365
4906
8676
10684
15122
12120
14497
13416
5412
12640
12882
15337
9915
1713
5587
3688
8300
2347
14422
3339
13053
8132
1140
10801
4545
5393
6381
9442
10816
3888
13222
16182
8794
5514
10482
7532
1250
8596
4564
6662
4852
1062
5615
14768
2776
11202
2072
11076
13549
111
14415
10218
8243
15555
4636
12789
4564
11017
5847
15381
14905
2685
15179
7315
8199
9277
14848
9449
1489
3028
16111
6342
4091
5342
4726
6867
160
6798
1559
13709
6909
15974
7543
15153
15145
12179
11558
3325
6813
1021
2322
5334
3706
1117
12650
11905
10395
11114
4970
11884
14142
4697
1842
1849
10039
6568
8716
10199
13367
10275
7524
3892
9865
15067
2661
8626
10863
14219
11952
1292
15240
14274
6626
2562
15392
2892
14467
9403
14006
3053
4903
11765
7750
6746
13614
1405
13314
5947
11604
10297
16222
2744
14190
9704
1428
467
1946
12291
14687
13898
13583
13543
11789
3825
16106
10797
6718
14189
3816
4340
859
8719
16105
8609
15465
13336
10015
12396
2899
5235
6309
2737
7980
4115
12441
9408
4583
14388
5315
2886
11902
2514
45
7307
6339
16151
1720
13057
13957
5536
1014
14816
14256
735
7041
13337
14071
672
9349
586
5908
15659
3324
13888
3390
15765
6912
7973
13769
12227
10859
9288
14741
10905
211
4696
10672
1932
1370
8245
7468
2384
6677
5340
3119
13719
2294
807
14391
11643
1393
3915
10918
4717
1419
14309
4099
8331
5898
1484
4174
374
10772
2531
11279
10984
7228
5567
12916
8598
13813
4000
10982
4106
9341
14101
1441
11635
14908
15833
6894
16302
3364
1429
4635
4784
15738
8734
13115
5252
10219
906
5626
4607
3437
521
15591
10665
6089
12123
2879
3518
16124
13861
7624
9081
11579
9066
4332
10103
8515
11226
10021
11879
12655
14657
279
12009
7007
13395
878
842
14301
6504
5450
1354
7026
4657
12020
13115
397
14899
249
137
12377
7873
9218
7572
555
13550
1291
9070
8392
11313
4566
4664
9586
4845
289
209
1856
1167
1052
16157
7672
6502
1128
14698
11159
13148
11429
11556
11663
11678
11693
7656
3167
4527
15228
3723
1693
136
12793
10086
11449
975
14750
4651
5821
15039
4860
7677
16207
5912
7451
7495
12414
8579
5809
7190
5343
854
2362
622
12532
14056
8279
15699
2199
7123
3038
3893
7259
15832
13979
2324
423
12345
6975
6244
11000
11836
13922
10823
1364
4989
1934
13779
13568
7743
4585
2527
8597
6947
3149
4745
4619
11428
4061
6819
2168
7099
10712
9427
6547
8307
11752
6971
4268
2343
13215
15268
14179
10753
9708
15544
15742
11642
12939
12926
3002
1140
15453
11599
8087
2219
16345
12707
13647
4022
3142
15815
11121
13854
8859
1285
5777
4227
8256
10045
6570
5087
8929
4366
15841
2253
3526
15199
13896
81
11742
514
1221
10811
12113
9308
13030
12074
5631
10294
16096
8773
9725
10834
6243
2200
12119
12020
6427
3991
5681
12998
9078
14611
980
8535
480
4506
7351
14376
4587
2709
14890
5808
13520
10620
15116
10167
6310
4364
4077
6023
13137
13802
473
2997
16003
12592
15017
6046
199
4315
2660
9277
2542
3640
1429
3022
8146
8780
1015
12733
11489
15905
2157
8625
10141
890
2408
68
5254
6485
6091
2007
3904
6564
5004
3523
2772
3638
9569
2971
7953
12230
12248
10495
15870
13677
13517
7633
6073
14532
3982
1178
14054
6140
9804
7811
7030
12212
7879
12284
2314
13970
14291
6218
4150
2912
9741
6922
6550
2926
9893
14503
15156
5758
8614
14643
3051
5747
5892
9125
3896
9874
10303
1566
16014
3723
9377
6660
15936
873
2560
1866
14843
468
8084
2610
3380
1441
9532
9930
4367
3042
8049
3140
8800
279
1399
11851
6026
7291
4592
9922
781
14896
11488
412
2235
4482
7072
1787
5355
9633
3653
3814
10101
11737
6424
13481
13178
15957
7027
1162
2615
15076
4302
11415
15355
5701
6882
4997
12992
11475
14920
13773
9987
10024
14185
12222
14506
4874
14010
3477
14507
1279
7292
8224
13017
13716
5321
9811
13289
12348
10973
15904
11040
15275
10935
10011
4592
1434
15008
1200
12909
13544
14974
6512
7185
12775
2350
5307
1265
16360
8785
15772
1256
16077
7612
14273
13409
12933
7700
10315
8897
2290
9835
3553
1181
4387
13564
5774
5821
12189
6974
2346
9349
5564
8858
150
1956
11208
5458
3221
11185
14243
2610
12441
13936
10222
10330
10961
6772
1646
4892
15669
3936
14728
2839
5118
2731
19
10892
8552
12208
1482
10898
5174
7047
3372
5324
9003
14580
10782
12224
9381
8641
14834
5438
6193
8673
15768
771
15445
1031
5663
14730
4967
4007
1185
10085
6738
1205
4593
15290
13413
6076
9804
2203
13123
13176
7528
5742
11373
1926
1582
4370
10568
33
9809
377
8706
9193
1148
7767
10224
6812
6113
15192
10819
7299
8893
1174
8504
13487
80
5533
3179
9885
7737
16302
6677
15265
5660
1666
807
7242
6037
11375
7275
15846
11753
15981
8655
12901
7364
2496
3329
13478
1304
14149
4393
10197
15323
12897
7300
15403
2046
10479
8904
9783
10397
15582
8664
16057
864
9472
6916
6901
4463
14191
6363
16216
13789
15019
12734
4769
1131
16063
1863
2435
13828
6256
12632
12767
2769
3549
11787
4816
14028
4307
14599
8042
3505
6880
7715
4370
16352
14631
11271
4431
12439
1251
4264
9844
16270
614
14613
1017
293
93
3452
14122
6349
16084
10505
9119
3249
5908
13935
894
10216
12150
8936
13721
2646
267
1707
2614
14899
12979
7046
10954
14230
11310
4414
14116
11924
2643
15133
12217
2736
2201
9955
9086
1901
4077
1821
5151
9985
15756
6045
3817
11522
14981
1155
14169
15248
2862
399
13763
15841
7445
8333
13687
2371
12747
11419
14295
15391
10168
10129
1743
12369
3700
10829
14271
7777
12650
3038
1379
12022
9083
5196
7161
7680
6351
4946
6544
9214
5345
3924
8671
12791
12257
5975
15162
8621
1010
13074
7628
11179
6819
9371
7164
10519
3817
5051
1913
83
8089
3292
12106
788
8488
2883
8468
14840
7829
15013
7670
13174
2553
16341
9581
14810
5932
8360
7047
6943
5050
14675
1738
11869
7663
8902
6004
11480
13954
7917
11563
5659
11209
7285
6448
3314
10168
14916
1770
1613
13545
9440
14788
16098
9397
7985
14525
15330
16345
5188
5889
5011
3480
7627
496
11143
145
6501
6239
14099
14418
1418
3375
9244
8704
9823
12558
2488
8355
14328
4102
5517
7384
2506
5231
397
10491
3372
15727
10453
8561
5232
15464
12041
12859
15961
6800
13005
6078
13039
10720
4112
14457
14095
13356
6777
7534
9530
9266
15890
7474
13368
5023
14858
15874
10254
15256
9981
13627
14599
4050
5804
3448
3131
1461
16307
2708
8261
12928
8786
4916
7265
12898
2989
4976
9871
9767
12511
3017
2649
12017
10492
16017
656
8966
15507
10910
7838
9104
8153
6054
13155
13957
9502
16286
15418
9425
2610
7295
5970
11396
12211
13235
7910
15201
1827
1397
8584
14338
4415
11233
9971
14907
10866
10627
7489
9989
5154
15328
2709
13307
4998
15864
10881
14500
15766
9915
7541
1992
827
13511
13388
13038
10362
4915
11855
12190
6312
4055
10144
10727
15288
3732
9250
9770
14359
356
3375
3129
15684
6085
53
4298
5565
10934
2414
4948
4465
9955
6940
5292
7083
3945
1947
1061
8860
13802
13251
15172
1474
7012
9516
378
10744
2382
10149
8719
2738
13524
11849
2038
3225
11902
6336
8791
6452
8750
13739
10917
2322
4295
16210
9405
8240
1773
10466
716
15575
7334
15889
665
14346
9021
1044
8706
11403
11193
1041
14142
8333
12890
16180
11559
8408
6133
3966
14860
14883
1321
9394
821
5616
9220
10226
13857
10993
4309
14573
10184
11643
14078
10850
9605
6715
11894
1927
1735
6703
2968
15877
15036
15859
15673
10211
7883
5422
14177
6360
3922
15498
15754
4743
4731
8590
14970
2204
3199
2895
393
13383
14538
14472
7849
7759
4803
3359
9686
6538
10062
12654
6031
8715
12129
5321
2542
3629
10743
336
9989
14665
15834
9359
3025
4181
1565
1611
6385
4764
4506
6779
1763
2660
4867
9613
10419
9670
12972
3721
16209
6651
16375
5856
15366
12121
11177
1524
15750
5537
1860
9355
3818
1311
2330
6843
5492
3895
8454
11878
8659
12960
2273
10422
15620
7140
3651
9655
426
240
13376
251
6891
13368
6108
5873
9105
901
7397
8471
6438
9258
1442
10257
10569
3772
716
16061
7667
9171
11555
16326
5747
13828
10364
4984
4584
14016
14639
5011
14256
11632
5262
4763
8616
11370
10636
1337
12272
1649
9808
2326
10907
11250
12583
5092
15022
13300
4770
6305
6087
16325
6247
11834
13770
227
434
1970
14243
15074
6981
12115
10322
12244
494
2554
7230
11130
3891
3118
12780
13699
5445
7303
8565
1644
12396
7203
14944
782
13508
4647
723
3371
98
14493
3598
532
80
1458
15606
7061
13573
9544
2921
14068
12098
10152
8814
15989
13270
5210
13304
2331
12514
5485
3976
8526
12688
2536
9308
9812
7184
10031
13183
7282
8141
398
7814
8221
1856
7037
15282
15429
197
1820
13113
12296
11972
5544
11901
8858
10754
8822
11190
6884
14307
15166
15410
10612
1318
8334
4040
8502
1982
840
15784
10123
1238
7215
1960
3094
14252
858
2139
14449
2678
15253
10361
14650
4413
5879
7125
15167
14701
1931
5668
12624
713
4694
6852
2031
13029
10893
10534
15011
11733
9934
8750
12971
765
10710
16065
15017
11568
1820
13083
14247
689
7060
12513
5102
12939
3254
3886
11256
5185
9554
7497
5898
14248
14349
7930
10893
8858
2080
9520
4207
12014
1886
794
12780
12596
475
11413
7781
2296
8112
5644
2985
15173
1773
8088
11728
5028
11974
6601
10213
5144
14098
16112
3008
12063
7658
13902
4538
9738
7038
8745
5368
8925
9540
1764
5137
10015
13178
12918
12311
4906
2178
15297
3695
3952
7001
15424
8980
2591
5641
2809
7735
3355
2537
10743
15418
10195
8261
3572
3549
15300
12318
8918
7841
5474
10682
12978
15489
7476
9513
11417
12383
11691
10330
16078
15643
947
15118
8239
3538
4375
11049
11273
7730
13586
5632
6765
7398
13894
10337
10947
12810
6271
3481
4267
11745
14164
861
10851
5256
10374
5884
1255
5682
16214
950
4941
777
16068
13181
4315
4060
7846
15588
11790
5048
4836
2171
12446
2346
12509
7010
15156
2396
10491
3039
14142
8271
3901
8609
13528
14275
14493
14783
3573
14323
15733
8515
15100
15418
5312
3031
3094
13158
2235
14884
1822
7071
672
14269
9418
13181
4895
8190
15577
15386
11230
13335
7274
15131
5560
4418
13022
3669
2817
212
1608
2167
8727
324
1201
14039
3355
4295
10813
5590
2795
12635
12662
3467
10520
5696
264
15415
13886
15842
14418
8732
12793
5308
7479
1970
9726
4118
5639
12543
4330
7248
14710
13057
7572
